coo_10img_ss
2025-02-15 22:53:59,139 - INFO - file name: resized_image_50x50.png
2025-02-15 22:53:59,140 - INFO - Lan thu: 0
2025-02-15 22:53:59,158 - INFO - Kich thuoc anh: 50x50x3
2025-02-15 22:53:59,159 - INFO - Kich thuoc dac trung mau: (2500, 3), Kich thuoc toa do: (2500, 2)
2025-02-15 22:54:01,387 - INFO - Kich thuoc ma tran trong so (W): (2500, 2500)
2025-02-15 22:54:01,509 - INFO - Thoi gian xu ly (song song hoa): 0.1222 giay
2025-02-15 22:54:01,578 - INFO - Kich thuoc ma tran duong cheo (D): (2500, 2500)
2025-02-15 22:54:01,578 - INFO - Mau cua D (9 phan tu dau):
[157.52426934 168.50996396 179.08314809 189.11310997 198.48030178
 207.07969763 214.82357598 221.64363085 227.4923585 ]
2025-02-15 22:54:01,579 - INFO - Kich thuoc ma tran Laplace (L): (2500, 2500)
2025-02-15 22:54:01,579 - INFO - Mau cua L (9x9 phan tu dau):
[[156.52426934  -0.99501248  -0.98019867  -0.95599748  -0.92311635
   -0.8824969   -0.83527021  -0.78270454  -0.72614904]
 [ -0.99501248 167.50996396  -0.99501248  -0.98019867  -0.95599748
   -0.92311635  -0.8824969   -0.83527021  -0.78270454]
 [ -0.98019867  -0.99501248 178.08314809  -0.99501248  -0.98019867
   -0.95599748  -0.92311635  -0.8824969   -0.83527021]
 [ -0.95599748  -0.98019867  -0.99501248 188.11310997  -0.99501248
   -0.98019867  -0.95599748  -0.92311635  -0.8824969 ]
 [ -0.92311635  -0.95599748  -0.98019867  -0.99501248 197.48030178
   -0.99501248  -0.98019867  -0.95599748  -0.92311635]
 [ -0.8824969   -0.92311635  -0.95599748  -0.98019867  -0.99501248
  206.07969763  -0.99501248  -0.98019867  -0.95599748]
 [ -0.83527021  -0.8824969   -0.92311635  -0.95599748  -0.98019867
   -0.99501248 213.82357598  -0.99501248  -0.98019867]
 [ -0.78270454  -0.83527021  -0.8824969   -0.92311635  -0.95599748
   -0.98019867  -0.99501248 220.64363085  -0.99501248]
 [ -0.72614904  -0.78270454  -0.83527021  -0.8824969   -0.92311635
   -0.95599748  -0.98019867  -0.99501248 226.4923585 ]]
2025-02-15 22:54:15,016 - INFO - Thoi gian: 15.87699007987976 giay
2025-02-15 22:54:15,016 - INFO - Thoi gian ma tran W: 2.358259916305542 giay
2025-02-15 22:54:15,025 - INFO - file name: resized_image_55x55.png
2025-02-15 22:54:15,026 - INFO - Lan thu: 0
2025-02-15 22:54:15,028 - INFO - Kich thuoc anh: 55x55x3
2025-02-15 22:54:15,028 - INFO - Kich thuoc dac trung mau: (3025, 3), Kich thuoc toa do: (3025, 2)
2025-02-15 22:54:16,307 - INFO - Kich thuoc ma tran trong so (W): (3025, 3025)
2025-02-15 22:54:16,494 - INFO - Thoi gian xu ly (song song hoa): 0.1876 giay
2025-02-15 22:54:16,597 - INFO - Kich thuoc ma tran duong cheo (D): (3025, 3025)
2025-02-15 22:54:16,597 - INFO - Mau cua D (9 phan tu dau):
[162.00953979 173.63918439 184.90983323 195.68865003 205.85265425
 215.29194834 223.91237818 231.63753678 238.41006485]
2025-02-15 22:54:16,598 - INFO - Kich thuoc ma tran Laplace (L): (3025, 3025)
2025-02-15 22:54:16,598 - INFO - Mau cua L (9x9 phan tu dau):
[[161.00953979  -0.99501248  -0.98019867  -0.95599748  -0.92311635
   -0.8824969   -0.83527021  -0.78270454  -0.72614904]
 [ -0.99501248 172.63918439  -0.99501248  -0.98019867  -0.95599748
   -0.92311635  -0.8824969   -0.83527021  -0.78270454]
 [ -0.98019867  -0.99501248 183.90983323  -0.99501248  -0.98019867
   -0.95599748  -0.92311635  -0.8824969   -0.83527021]
 [ -0.95599748  -0.98019867  -0.99501248 194.68865003  -0.99501248
   -0.98019867  -0.95599748  -0.92311635  -0.8824969 ]
 [ -0.92311635  -0.95599748  -0.98019867  -0.99501248 204.85265425
   -0.99501248  -0.98019867  -0.95599748  -0.92311635]
 [ -0.8824969   -0.92311635  -0.95599748  -0.98019867  -0.99501248
  214.29194834  -0.99501248  -0.98019867  -0.95599748]
 [ -0.83527021  -0.8824969   -0.92311635  -0.95599748  -0.98019867
   -0.99501248 222.91237818  -0.99501248  -0.98019867]
 [ -0.78270454  -0.83527021  -0.8824969   -0.92311635  -0.95599748
   -0.98019867  -0.99501248 230.63753678  -0.99501248]
 [ -0.72614904  -0.78270454  -0.83527021  -0.8824969   -0.92311635
   -0.95599748  -0.98019867  -0.99501248 237.41006485]]
2025-02-15 22:54:35,958 - INFO - Thoi gian: 20.932233572006226 giay
2025-02-15 22:54:35,958 - INFO - Thoi gian ma tran W: 1.4752497673034668 giay
2025-02-15 22:54:35,958 - INFO - file name: resized_image_60x60.png
2025-02-15 22:54:35,958 - INFO - Lan thu: 0
2025-02-15 22:54:35,973 - INFO - Kich thuoc anh: 60x60x3
2025-02-15 22:54:35,973 - INFO - Kich thuoc dac trung mau: (3600, 3), Kich thuoc toa do: (3600, 2)
2025-02-15 22:54:36,474 - INFO - Kich thuoc ma tran trong so (W): (3600, 3600)
2025-02-15 22:54:36,740 - INFO - Thoi gian xu ly (song song hoa): 0.2661 giay
2025-02-15 22:54:36,891 - INFO - Kich thuoc ma tran duong cheo (D): (3600, 3600)
2025-02-15 22:54:36,891 - INFO - Mau cua D (9 phan tu dau):
[165.1264778  177.25179481 189.07127635 200.45357968 211.27658208
 221.43049307 230.82038979 239.36808507 247.0132831 ]
2025-02-15 22:54:36,892 - INFO - Kich thuoc ma tran Laplace (L): (3600, 3600)
2025-02-15 22:54:36,892 - INFO - Mau cua L (9x9 phan tu dau):
[[164.1264778   -0.99501248  -0.98019867  -0.95599748  -0.92311635
   -0.8824969   -0.83527021  -0.78270454  -0.72614904]
 [ -0.99501248 176.25179481  -0.99501248  -0.98019867  -0.95599748
   -0.92311635  -0.8824969   -0.83527021  -0.78270454]
 [ -0.98019867  -0.99501248 188.07127635  -0.99501248  -0.98019867
   -0.95599748  -0.92311635  -0.8824969   -0.83527021]
 [ -0.95599748  -0.98019867  -0.99501248 199.45357968  -0.99501248
   -0.98019867  -0.95599748  -0.92311635  -0.8824969 ]
 [ -0.92311635  -0.95599748  -0.98019867  -0.99501248 210.27658208
   -0.99501248  -0.98019867  -0.95599748  -0.92311635]
 [ -0.8824969   -0.92311635  -0.95599748  -0.98019867  -0.99501248
  220.43049307  -0.99501248  -0.98019867  -0.95599748]
 [ -0.83527021  -0.8824969   -0.92311635  -0.95599748  -0.98019867
   -0.99501248 229.82038979  -0.99501248  -0.98019867]
 [ -0.78270454  -0.83527021  -0.8824969   -0.92311635  -0.95599748
   -0.98019867  -0.99501248 238.36808507  -0.99501248]
 [ -0.72614904  -0.78270454  -0.83527021  -0.8824969   -0.92311635
   -0.95599748  -0.98019867  -0.99501248 246.0132831 ]]
2025-02-15 22:55:28,237 - INFO - Thoi gian: 52.279123306274414 giay
2025-02-15 22:55:28,237 - INFO - Thoi gian ma tran W: 0.7812151908874512 giay
2025-02-15 22:55:28,238 - INFO - file name: resized_image_65x65.png
2025-02-15 22:55:28,238 - INFO - Lan thu: 0
2025-02-15 22:55:28,253 - INFO - Kich thuoc anh: 65x65x3
2025-02-15 22:55:28,253 - INFO - Kich thuoc dac trung mau: (4225, 3), Kich thuoc toa do: (4225, 2)
2025-02-15 22:55:28,940 - INFO - Kich thuoc ma tran trong so (W): (4225, 4225)
2025-02-15 22:55:29,305 - INFO - Thoi gian xu ly (song song hoa): 0.3656 giay
2025-02-15 22:55:29,522 - INFO - Kich thuoc ma tran duong cheo (D): (4225, 4225)
2025-02-15 22:55:29,522 - INFO - Mau cua D (9 phan tu dau):
[166.92113603 179.33951427 191.48478532 203.22679813 214.44431521
 225.0280779  234.88329089 243.93143378 252.1113524 ]
2025-02-15 22:55:29,523 - INFO - Kich thuoc ma tran Laplace (L): (4225, 4225)
2025-02-15 22:55:29,523 - INFO - Mau cua L (9x9 phan tu dau):
[[165.92113603  -0.99501248  -0.98019867  -0.95599748  -0.92311635
   -0.8824969   -0.83527021  -0.78270454  -0.72614904]
 [ -0.99501248 178.33951427  -0.99501248  -0.98019867  -0.95599748
   -0.92311635  -0.8824969   -0.83527021  -0.78270454]
 [ -0.98019867  -0.99501248 190.48478532  -0.99501248  -0.98019867
   -0.95599748  -0.92311635  -0.8824969   -0.83527021]
 [ -0.95599748  -0.98019867  -0.99501248 202.22679813  -0.99501248
   -0.98019867  -0.95599748  -0.92311635  -0.8824969 ]
 [ -0.92311635  -0.95599748  -0.98019867  -0.99501248 213.44431521
   -0.99501248  -0.98019867  -0.95599748  -0.92311635]
 [ -0.8824969   -0.92311635  -0.95599748  -0.98019867  -0.99501248
  224.0280779   -0.99501248  -0.98019867  -0.95599748]
 [ -0.83527021  -0.8824969   -0.92311635  -0.95599748  -0.98019867
   -0.99501248 233.88329089  -0.99501248  -0.98019867]
 [ -0.78270454  -0.83527021  -0.8824969   -0.92311635  -0.95599748
   -0.98019867  -0.99501248 242.93143378  -0.99501248]
 [ -0.72614904  -0.78270454  -0.83527021  -0.8824969   -0.92311635
   -0.95599748  -0.98019867  -0.99501248 251.1113524 ]]
2025-02-15 22:56:17,936 - INFO - Thoi gian: 49.697882652282715 giay
2025-02-15 22:56:17,936 - INFO - Thoi gian ma tran W: 1.0762450695037842 giay
2025-02-15 22:56:17,936 - INFO - file name: resized_image_70x70.png
2025-02-15 22:56:17,936 - INFO - Lan thu: 0
2025-02-15 22:56:17,951 - INFO - Kich thuoc anh: 70x70x3
2025-02-15 22:56:17,952 - INFO - Kich thuoc dac trung mau: (4900, 3), Kich thuoc toa do: (4900, 2)
2025-02-15 22:56:18,855 - INFO - Kich thuoc ma tran trong so (W): (4900, 4900)
2025-02-15 22:56:19,363 - INFO - Thoi gian xu ly (song song hoa): 0.5078 giay
2025-02-15 22:56:19,644 - INFO - Kich thuoc ma tran duong cheo (D): (4900, 4900)
2025-02-15 22:56:19,644 - INFO - Mau cua D (9 phan tu dau):
[168.19973952 180.84359727 193.24368895 205.2719153  216.80899291
 227.74748383 237.99424073 247.47217381 256.12129099]
2025-02-15 22:56:19,644 - INFO - Kich thuoc ma tran Laplace (L): (4900, 4900)
2025-02-15 22:56:19,644 - INFO - Mau cua L (9x9 phan tu dau):
[[167.19973952  -0.99501248  -0.98019867  -0.95599748  -0.92311635
   -0.8824969   -0.83527021  -0.78270454  -0.72614904]
 [ -0.99501248 179.84359727  -0.99501248  -0.98019867  -0.95599748
   -0.92311635  -0.8824969   -0.83527021  -0.78270454]
 [ -0.98019867  -0.99501248 192.24368895  -0.99501248  -0.98019867
   -0.95599748  -0.92311635  -0.8824969   -0.83527021]
 [ -0.95599748  -0.98019867  -0.99501248 204.2719153   -0.99501248
   -0.98019867  -0.95599748  -0.92311635  -0.8824969 ]
 [ -0.92311635  -0.95599748  -0.98019867  -0.99501248 215.80899291
   -0.99501248  -0.98019867  -0.95599748  -0.92311635]
 [ -0.8824969   -0.92311635  -0.95599748  -0.98019867  -0.99501248
  226.74748383  -0.99501248  -0.98019867  -0.95599748]
 [ -0.83527021  -0.8824969   -0.92311635  -0.95599748  -0.98019867
   -0.99501248 236.99424073  -0.99501248  -0.98019867]
 [ -0.78270454  -0.83527021  -0.8824969   -0.92311635  -0.95599748
   -0.98019867  -0.99501248 246.47217381  -0.99501248]
 [ -0.72614904  -0.78270454  -0.83527021  -0.8824969   -0.92311635
   -0.95599748  -0.98019867  -0.99501248 255.12129099]]
2025-02-15 22:57:26,211 - INFO - Thoi gian: 68.27461838722229 giay
2025-02-15 22:57:26,211 - INFO - Thoi gian ma tran W: 1.4429762363433838 giay
2025-02-15 22:57:26,211 - INFO - file name: resized_image_75x75.png
2025-02-15 22:57:26,211 - INFO - Lan thu: 0
2025-02-15 22:57:26,227 - INFO - Kich thuoc anh: 75x75x3
2025-02-15 22:57:26,227 - INFO - Kich thuoc dac trung mau: (5625, 3), Kich thuoc toa do: (5625, 2)
2025-02-15 22:57:27,449 - INFO - Kich thuoc ma tran trong so (W): (5625, 5625)
2025-02-15 22:57:28,135 - INFO - Thoi gian xu ly (song song hoa): 0.6851 giay
2025-02-15 22:57:28,502 - INFO - Kich thuoc ma tran duong cheo (D): (5625, 5625)
2025-02-15 22:57:28,502 - INFO - Mau cua D (9 phan tu dau):
[168.89770825 181.67001507 194.21661805 206.4110467  218.13569037
 229.2848204  239.76702447 249.5069572  258.4463562 ]
2025-02-15 22:57:28,503 - INFO - Kich thuoc ma tran Laplace (L): (5625, 5625)
2025-02-15 22:57:28,503 - INFO - Mau cua L (9x9 phan tu dau):
[[167.89770825  -0.99501248  -0.98019867  -0.95599748  -0.92311635
   -0.8824969   -0.83527021  -0.78270454  -0.72614904]
 [ -0.99501248 180.67001507  -0.99501248  -0.98019867  -0.95599748
   -0.92311635  -0.8824969   -0.83527021  -0.78270454]
 [ -0.98019867  -0.99501248 193.21661805  -0.99501248  -0.98019867
   -0.95599748  -0.92311635  -0.8824969   -0.83527021]
 [ -0.95599748  -0.98019867  -0.99501248 205.4110467   -0.99501248
   -0.98019867  -0.95599748  -0.92311635  -0.8824969 ]
 [ -0.92311635  -0.95599748  -0.98019867  -0.99501248 217.13569037
   -0.99501248  -0.98019867  -0.95599748  -0.92311635]
 [ -0.8824969   -0.92311635  -0.95599748  -0.98019867  -0.99501248
  228.2848204   -0.99501248  -0.98019867  -0.95599748]
 [ -0.83527021  -0.8824969   -0.92311635  -0.95599748  -0.98019867
   -0.99501248 238.76702447  -0.99501248  -0.98019867]
 [ -0.78270454  -0.83527021  -0.8824969   -0.92311635  -0.95599748
   -0.98019867  -0.99501248 248.5069572   -0.99501248]
 [ -0.72614904  -0.78270454  -0.83527021  -0.8824969   -0.92311635
   -0.95599748  -0.98019867  -0.99501248 257.4463562 ]]
2025-02-15 22:59:04,755 - INFO - Thoi gian: 98.54397964477539 giay
2025-02-15 22:59:04,755 - INFO - Thoi gian ma tran W: 1.9499595165252686 giay
2025-02-15 22:59:04,755 - INFO - file name: resized_image_80x80.png
2025-02-15 22:59:04,755 - INFO - Lan thu: 0
2025-02-15 22:59:04,757 - INFO - Kich thuoc anh: 80x80x3
2025-02-15 22:59:04,757 - INFO - Kich thuoc dac trung mau: (6400, 3), Kich thuoc toa do: (6400, 2)
2025-02-15 22:59:06,398 - INFO - Kich thuoc ma tran trong so (W): (6400, 6400)
2025-02-15 22:59:07,264 - INFO - Thoi gian xu ly (song song hoa): 0.8663 giay
2025-02-15 22:59:07,736 - INFO - Kich thuoc ma tran duong cheo (D): (6400, 6400)
2025-02-15 22:59:07,736 - INFO - Mau cua D (9 phan tu dau):
[169.33885259 182.19784368 194.84465079 207.15428294 219.01069098
 230.30978859 240.96188413 250.89342624 260.04801097]
2025-02-15 22:59:07,736 - INFO - Kich thuoc ma tran Laplace (L): (6400, 6400)
2025-02-15 22:59:07,736 - INFO - Mau cua L (9x9 phan tu dau):
[[168.33885259  -0.99501248  -0.98019867  -0.95599748  -0.92311635
   -0.8824969   -0.83527021  -0.78270454  -0.72614904]
 [ -0.99501248 181.19784368  -0.99501248  -0.98019867  -0.95599748
   -0.92311635  -0.8824969   -0.83527021  -0.78270454]
 [ -0.98019867  -0.99501248 193.84465079  -0.99501248  -0.98019867
   -0.95599748  -0.92311635  -0.8824969   -0.83527021]
 [ -0.95599748  -0.98019867  -0.99501248 206.15428294  -0.99501248
   -0.98019867  -0.95599748  -0.92311635  -0.8824969 ]
 [ -0.92311635  -0.95599748  -0.98019867  -0.99501248 218.01069098
   -0.99501248  -0.98019867  -0.95599748  -0.92311635]
 [ -0.8824969   -0.92311635  -0.95599748  -0.98019867  -0.99501248
  229.30978859  -0.99501248  -0.98019867  -0.95599748]
 [ -0.83527021  -0.8824969   -0.92311635  -0.95599748  -0.98019867
   -0.99501248 239.96188413  -0.99501248  -0.98019867]
 [ -0.78270454  -0.83527021  -0.8824969   -0.92311635  -0.95599748
   -0.98019867  -0.99501248 249.89342624  -0.99501248]
 [ -0.72614904  -0.78270454  -0.83527021  -0.8824969   -0.92311635
   -0.95599748  -0.98019867  -0.99501248 259.04801097]]
2025-02-15 23:00:55,867 - INFO - Thoi gian: 111.11218619346619 giay
2025-02-15 23:00:55,868 - INFO - Thoi gian ma tran W: 2.564802408218384 giay
2025-02-15 23:00:55,868 - INFO - file name: resized_image_50x50.png
2025-02-15 23:00:55,868 - INFO - Lan thu: 1
2025-02-15 23:00:55,870 - INFO - Kich thuoc anh: 50x50x3
2025-02-15 23:00:55,870 - INFO - Kich thuoc dac trung mau: (2500, 3), Kich thuoc toa do: (2500, 2)
2025-02-15 23:00:56,128 - INFO - Kich thuoc ma tran trong so (W): (2500, 2500)
2025-02-15 23:00:56,259 - INFO - Thoi gian xu ly (song song hoa): 0.1307 giay
2025-02-15 23:00:56,331 - INFO - Kich thuoc ma tran duong cheo (D): (2500, 2500)
2025-02-15 23:00:56,331 - INFO - Mau cua D (9 phan tu dau):
[157.52426934 168.50996396 179.08314809 189.11310997 198.48030178
 207.07969763 214.82357598 221.64363085 227.4923585 ]
2025-02-15 23:00:56,331 - INFO - Kich thuoc ma tran Laplace (L): (2500, 2500)
2025-02-15 23:00:56,331 - INFO - Mau cua L (9x9 phan tu dau):
[[156.52426934  -0.99501248  -0.98019867  -0.95599748  -0.92311635
   -0.8824969   -0.83527021  -0.78270454  -0.72614904]
 [ -0.99501248 167.50996396  -0.99501248  -0.98019867  -0.95599748
   -0.92311635  -0.8824969   -0.83527021  -0.78270454]
 [ -0.98019867  -0.99501248 178.08314809  -0.99501248  -0.98019867
   -0.95599748  -0.92311635  -0.8824969   -0.83527021]
 [ -0.95599748  -0.98019867  -0.99501248 188.11310997  -0.99501248
   -0.98019867  -0.95599748  -0.92311635  -0.8824969 ]
 [ -0.92311635  -0.95599748  -0.98019867  -0.99501248 197.48030178
   -0.99501248  -0.98019867  -0.95599748  -0.92311635]
 [ -0.8824969   -0.92311635  -0.95599748  -0.98019867  -0.99501248
  206.07969763  -0.99501248  -0.98019867  -0.95599748]
 [ -0.83527021  -0.8824969   -0.92311635  -0.95599748  -0.98019867
   -0.99501248 213.82357598  -0.99501248  -0.98019867]
 [ -0.78270454  -0.83527021  -0.8824969   -0.92311635  -0.95599748
   -0.98019867  -0.99501248 220.64363085  -0.99501248]
 [ -0.72614904  -0.78270454  -0.83527021  -0.8824969   -0.92311635
   -0.95599748  -0.98019867  -0.99501248 226.4923585 ]]
2025-02-15 23:01:09,103 - INFO - Thoi gian: 13.23456883430481 giay
2025-02-15 23:01:09,103 - INFO - Thoi gian ma tran W: 0.397719144821167 giay
2025-02-15 23:01:09,103 - INFO - file name: resized_image_55x55.png
2025-02-15 23:01:09,103 - INFO - Lan thu: 1
2025-02-15 23:01:09,105 - INFO - Kich thuoc anh: 55x55x3
2025-02-15 23:01:09,105 - INFO - Kich thuoc dac trung mau: (3025, 3), Kich thuoc toa do: (3025, 2)
2025-02-15 23:01:09,466 - INFO - Kich thuoc ma tran trong so (W): (3025, 3025)
2025-02-15 23:01:09,652 - INFO - Thoi gian xu ly (song song hoa): 0.1852 giay
2025-02-15 23:01:09,763 - INFO - Kich thuoc ma tran duong cheo (D): (3025, 3025)
2025-02-15 23:01:09,763 - INFO - Mau cua D (9 phan tu dau):
[162.00953979 173.63918439 184.90983323 195.68865003 205.85265425
 215.29194834 223.91237818 231.63753678 238.41006485]
2025-02-15 23:01:09,763 - INFO - Kich thuoc ma tran Laplace (L): (3025, 3025)
2025-02-15 23:01:09,763 - INFO - Mau cua L (9x9 phan tu dau):
[[161.00953979  -0.99501248  -0.98019867  -0.95599748  -0.92311635
   -0.8824969   -0.83527021  -0.78270454  -0.72614904]
 [ -0.99501248 172.63918439  -0.99501248  -0.98019867  -0.95599748
   -0.92311635  -0.8824969   -0.83527021  -0.78270454]
 [ -0.98019867  -0.99501248 183.90983323  -0.99501248  -0.98019867
   -0.95599748  -0.92311635  -0.8824969   -0.83527021]
 [ -0.95599748  -0.98019867  -0.99501248 194.68865003  -0.99501248
   -0.98019867  -0.95599748  -0.92311635  -0.8824969 ]
 [ -0.92311635  -0.95599748  -0.98019867  -0.99501248 204.85265425
   -0.99501248  -0.98019867  -0.95599748  -0.92311635]
 [ -0.8824969   -0.92311635  -0.95599748  -0.98019867  -0.99501248
  214.29194834  -0.99501248  -0.98019867  -0.95599748]
 [ -0.83527021  -0.8824969   -0.92311635  -0.95599748  -0.98019867
   -0.99501248 222.91237818  -0.99501248  -0.98019867]
 [ -0.78270454  -0.83527021  -0.8824969   -0.92311635  -0.95599748
   -0.98019867  -0.99501248 230.63753678  -0.99501248]
 [ -0.72614904  -0.78270454  -0.83527021  -0.8824969   -0.92311635
   -0.95599748  -0.98019867  -0.99501248 237.41006485]]
2025-02-15 23:01:30,165 - INFO - Thoi gian: 21.061879873275757 giay
2025-02-15 23:01:30,165 - INFO - Thoi gian ma tran W: 0.559300422668457 giay
2025-02-15 23:01:30,165 - INFO - file name: resized_image_60x60.png
2025-02-15 23:01:30,165 - INFO - Lan thu: 1
2025-02-15 23:01:30,167 - INFO - Kich thuoc anh: 60x60x3
2025-02-15 23:01:30,167 - INFO - Kich thuoc dac trung mau: (3600, 3), Kich thuoc toa do: (3600, 2)
2025-02-15 23:01:30,658 - INFO - Kich thuoc ma tran trong so (W): (3600, 3600)
2025-02-15 23:01:30,939 - INFO - Thoi gian xu ly (song song hoa): 0.2805 giay
2025-02-15 23:01:31,090 - INFO - Kich thuoc ma tran duong cheo (D): (3600, 3600)
2025-02-15 23:01:31,090 - INFO - Mau cua D (9 phan tu dau):
[165.1264778  177.25179481 189.07127635 200.45357968 211.27658208
 221.43049307 230.82038979 239.36808507 247.0132831 ]
2025-02-15 23:01:31,091 - INFO - Kich thuoc ma tran Laplace (L): (3600, 3600)
2025-02-15 23:01:31,091 - INFO - Mau cua L (9x9 phan tu dau):
[[164.1264778   -0.99501248  -0.98019867  -0.95599748  -0.92311635
   -0.8824969   -0.83527021  -0.78270454  -0.72614904]
 [ -0.99501248 176.25179481  -0.99501248  -0.98019867  -0.95599748
   -0.92311635  -0.8824969   -0.83527021  -0.78270454]
 [ -0.98019867  -0.99501248 188.07127635  -0.99501248  -0.98019867
   -0.95599748  -0.92311635  -0.8824969   -0.83527021]
 [ -0.95599748  -0.98019867  -0.99501248 199.45357968  -0.99501248
   -0.98019867  -0.95599748  -0.92311635  -0.8824969 ]
 [ -0.92311635  -0.95599748  -0.98019867  -0.99501248 210.27658208
   -0.99501248  -0.98019867  -0.95599748  -0.92311635]
 [ -0.8824969   -0.92311635  -0.95599748  -0.98019867  -0.99501248
  220.43049307  -0.99501248  -0.98019867  -0.95599748]
 [ -0.83527021  -0.8824969   -0.92311635  -0.95599748  -0.98019867
   -0.99501248 229.82038979  -0.99501248  -0.98019867]
 [ -0.78270454  -0.83527021  -0.8824969   -0.92311635  -0.95599748
   -0.98019867  -0.99501248 238.36808507  -0.99501248]
 [ -0.72614904  -0.78270454  -0.83527021  -0.8824969   -0.92311635
   -0.95599748  -0.98019867  -0.99501248 246.0132831 ]]
2025-02-15 23:02:27,843 - INFO - Thoi gian: 57.677815437316895 giay
2025-02-15 23:02:27,843 - INFO - Thoi gian ma tran W: 0.7908143997192383 giay
2025-02-15 23:02:27,843 - INFO - file name: resized_image_65x65.png
2025-02-15 23:02:27,843 - INFO - Lan thu: 1
2025-02-15 23:02:27,845 - INFO - Kich thuoc anh: 65x65x3
2025-02-15 23:02:27,845 - INFO - Kich thuoc dac trung mau: (4225, 3), Kich thuoc toa do: (4225, 2)
2025-02-15 23:02:28,521 - INFO - Kich thuoc ma tran trong so (W): (4225, 4225)
2025-02-15 23:02:28,909 - INFO - Thoi gian xu ly (song song hoa): 0.3883 giay
2025-02-15 23:02:29,165 - INFO - Kich thuoc ma tran duong cheo (D): (4225, 4225)
2025-02-15 23:02:29,165 - INFO - Mau cua D (9 phan tu dau):
[166.92113603 179.33951427 191.48478532 203.22679813 214.44431521
 225.0280779  234.88329089 243.93143378 252.1113524 ]
2025-02-15 23:02:29,165 - INFO - Kich thuoc ma tran Laplace (L): (4225, 4225)
2025-02-15 23:02:29,166 - INFO - Mau cua L (9x9 phan tu dau):
[[165.92113603  -0.99501248  -0.98019867  -0.95599748  -0.92311635
   -0.8824969   -0.83527021  -0.78270454  -0.72614904]
 [ -0.99501248 178.33951427  -0.99501248  -0.98019867  -0.95599748
   -0.92311635  -0.8824969   -0.83527021  -0.78270454]
 [ -0.98019867  -0.99501248 190.48478532  -0.99501248  -0.98019867
   -0.95599748  -0.92311635  -0.8824969   -0.83527021]
 [ -0.95599748  -0.98019867  -0.99501248 202.22679813  -0.99501248
   -0.98019867  -0.95599748  -0.92311635  -0.8824969 ]
 [ -0.92311635  -0.95599748  -0.98019867  -0.99501248 213.44431521
   -0.99501248  -0.98019867  -0.95599748  -0.92311635]
 [ -0.8824969   -0.92311635  -0.95599748  -0.98019867  -0.99501248
  224.0280779   -0.99501248  -0.98019867  -0.95599748]
 [ -0.83527021  -0.8824969   -0.92311635  -0.95599748  -0.98019867
   -0.99501248 233.88329089  -0.99501248  -0.98019867]
 [ -0.78270454  -0.83527021  -0.8824969   -0.92311635  -0.95599748
   -0.98019867  -0.99501248 242.93143378  -0.99501248]
 [ -0.72614904  -0.78270454  -0.83527021  -0.8824969   -0.92311635
   -0.95599748  -0.98019867  -0.99501248 251.1113524 ]]
2025-02-15 23:03:17,999 - INFO - Thoi gian: 50.15610957145691 giay
2025-02-15 23:03:17,999 - INFO - Thoi gian ma tran W: 1.0904700756072998 giay
2025-02-15 23:03:18,000 - INFO - file name: resized_image_70x70.png
2025-02-15 23:03:18,000 - INFO - Lan thu: 1
2025-02-15 23:03:18,002 - INFO - Kich thuoc anh: 70x70x3
2025-02-15 23:03:18,002 - INFO - Kich thuoc dac trung mau: (4900, 3), Kich thuoc toa do: (4900, 2)
2025-02-15 23:03:18,908 - INFO - Kich thuoc ma tran trong so (W): (4900, 4900)
2025-02-15 23:03:19,423 - INFO - Thoi gian xu ly (song song hoa): 0.5148 giay
2025-02-15 23:03:19,694 - INFO - Kich thuoc ma tran duong cheo (D): (4900, 4900)
2025-02-15 23:03:19,695 - INFO - Mau cua D (9 phan tu dau):
[168.19973952 180.84359727 193.24368895 205.2719153  216.80899291
 227.74748383 237.99424073 247.47217381 256.12129099]
2025-02-15 23:03:19,695 - INFO - Kich thuoc ma tran Laplace (L): (4900, 4900)
2025-02-15 23:03:19,695 - INFO - Mau cua L (9x9 phan tu dau):
[[167.19973952  -0.99501248  -0.98019867  -0.95599748  -0.92311635
   -0.8824969   -0.83527021  -0.78270454  -0.72614904]
 [ -0.99501248 179.84359727  -0.99501248  -0.98019867  -0.95599748
   -0.92311635  -0.8824969   -0.83527021  -0.78270454]
 [ -0.98019867  -0.99501248 192.24368895  -0.99501248  -0.98019867
   -0.95599748  -0.92311635  -0.8824969   -0.83527021]
 [ -0.95599748  -0.98019867  -0.99501248 204.2719153   -0.99501248
   -0.98019867  -0.95599748  -0.92311635  -0.8824969 ]
 [ -0.92311635  -0.95599748  -0.98019867  -0.99501248 215.80899291
   -0.99501248  -0.98019867  -0.95599748  -0.92311635]
 [ -0.8824969   -0.92311635  -0.95599748  -0.98019867  -0.99501248
  226.74748383  -0.99501248  -0.98019867  -0.95599748]
 [ -0.83527021  -0.8824969   -0.92311635  -0.95599748  -0.98019867
   -0.99501248 236.99424073  -0.99501248  -0.98019867]
 [ -0.78270454  -0.83527021  -0.8824969   -0.92311635  -0.95599748
   -0.98019867  -0.99501248 246.47217381  -0.99501248]
 [ -0.72614904  -0.78270454  -0.83527021  -0.8824969   -0.92311635
   -0.95599748  -0.98019867  -0.99501248 255.12129099]]
2025-02-15 23:09:11,560 - INFO - Thoi gian: 353.5600814819336 giay
2025-02-15 23:09:11,560 - INFO - Thoi gian ma tran W: 1.4529573917388916 giay