2025-02-11 14:21:39,358 - INFO - file name: resized_image_50x50.png
2025-02-11 14:21:39,358 - INFO - Lan thu: 0
2025-02-11 14:21:39,381 - INFO - Kich thuoc anh: 50x50x3
2025-02-11 14:21:39,381 - INFO - Kich thuoc dac trung mau: (2500, 3), Kich thuoc toa do: (2500, 2)
2025-02-11 14:21:39,381 - INFO - Dac trung mau:
[[1. 1. 1.]
 [1. 1. 1.]
 [1. 1. 1.]
 [1. 1. 1.]
 [1. 1. 1.]
 [1. 1. 1.]
 [1. 1. 1.]
 [1. 1. 1.]
 [1. 1. 1.]]
2025-02-11 14:21:39,381 - INFO - Toa do:
[[0 0]
 [1 0]
 [2 0]
 [3 0]
 [4 0]
 [5 0]
 [6 0]
 [7 0]
 [8 0]]
2025-02-11 14:21:39,583 - INFO - Kich thuoc ma tran trong so (W): (2500, 2500)
2025-02-11 14:21:39,583 - INFO - Kich thuoc ma tran dac trung mau: (2500, 2500), Kich thuoc ma tran toa do: (2500, 2500)
2025-02-11 14:21:39,583 - INFO - Mau cua W_features (9x9 phan tu dau):
[[1. 1. 1. 1. 1. 1. 1. 1. 1.]
 [1. 1. 1. 1. 1. 1. 1. 1. 1.]
 [1. 1. 1. 1. 1. 1. 1. 1. 1.]
 [1. 1. 1. 1. 1. 1. 1. 1. 1.]
 [1. 1. 1. 1. 1. 1. 1. 1. 1.]
 [1. 1. 1. 1. 1. 1. 1. 1. 1.]
 [1. 1. 1. 1. 1. 1. 1. 1. 1.]
 [1. 1. 1. 1. 1. 1. 1. 1. 1.]
 [1. 1. 1. 1. 1. 1. 1. 1. 1.]]
2025-02-11 14:21:39,583 - INFO - Mau cua W_coords (9x9 phan tu dau):
[[1.         0.99501248 0.98019867 0.95599748 0.92311635 0.8824969
  0.83527021 0.78270454 0.72614904]
 [0.99501248 1.         0.99501248 0.98019867 0.95599748 0.92311635
  0.8824969  0.83527021 0.78270454]
 [0.98019867 0.99501248 1.         0.99501248 0.98019867 0.95599748
  0.92311635 0.8824969  0.83527021]
 [0.95599748 0.98019867 0.99501248 1.         0.99501248 0.98019867
  0.95599748 0.92311635 0.8824969 ]
 [0.92311635 0.95599748 0.98019867 0.99501248 1.         0.99501248
  0.98019867 0.95599748 0.92311635]
 [0.8824969  0.92311635 0.95599748 0.98019867 0.99501248 1.
  0.99501248 0.98019867 0.95599748]
 [0.83527021 0.8824969  0.92311635 0.95599748 0.98019867 0.99501248
  1.         0.99501248 0.98019867]
 [0.78270454 0.83527021 0.8824969  0.92311635 0.95599748 0.98019867
  0.99501248 1.         0.99501248]
 [0.72614904 0.78270454 0.83527021 0.8824969  0.92311635 0.95599748
  0.98019867 0.99501248 1.        ]]
2025-02-11 14:21:39,583 - INFO - Mau cua W (9x9 phan tu dau):
[[1.         0.99501248 0.98019867 0.95599748 0.92311635 0.8824969
  0.83527021 0.78270454 0.72614904]
 [0.99501248 1.         0.99501248 0.98019867 0.95599748 0.92311635
  0.8824969  0.83527021 0.78270454]
 [0.98019867 0.99501248 1.         0.99501248 0.98019867 0.95599748
  0.92311635 0.8824969  0.83527021]
 [0.95599748 0.98019867 0.99501248 1.         0.99501248 0.98019867
  0.95599748 0.92311635 0.8824969 ]
 [0.92311635 0.95599748 0.98019867 0.99501248 1.         0.99501248
  0.98019867 0.95599748 0.92311635]
 [0.8824969  0.92311635 0.95599748 0.98019867 0.99501248 1.
  0.99501248 0.98019867 0.95599748]
 [0.83527021 0.8824969  0.92311635 0.95599748 0.98019867 0.99501248
  1.         0.99501248 0.98019867]
 [0.78270454 0.83527021 0.8824969  0.92311635 0.95599748 0.98019867
  0.99501248 1.         0.99501248]
 [0.72614904 0.78270454 0.83527021 0.8824969  0.92311635 0.95599748
  0.98019867 0.99501248 1.        ]]
2025-02-11 14:21:39,615 - INFO - Kich thuoc ma tran duong cheo (D): (2500, 2500)
2025-02-11 14:21:39,615 - INFO - Mau cua D (9x9 phan tu dau):
[[157.52426934   0.           0.           0.           0.
    0.           0.           0.           0.        ]
 [  0.         168.50996396   0.           0.           0.
    0.           0.           0.           0.        ]
 [  0.           0.         179.08314809   0.           0.
    0.           0.           0.           0.        ]
 [  0.           0.           0.         189.11310997   0.
    0.           0.           0.           0.        ]
 [  0.           0.           0.           0.         198.48030178
    0.           0.           0.           0.        ]
 [  0.           0.           0.           0.           0.
  207.07969763   0.           0.           0.        ]
 [  0.           0.           0.           0.           0.
    0.         214.82357598   0.           0.        ]
 [  0.           0.           0.           0.           0.
    0.           0.         221.64363085   0.        ]
 [  0.           0.           0.           0.           0.
    0.           0.           0.         227.4923585 ]]
2025-02-11 14:21:39,615 - INFO - Kich thuoc ma tran Laplace (L): (2500, 2500)
2025-02-11 14:21:39,615 - INFO - Mau cua L (9x9 phan tu dau):
[[156.52426934  -0.99501248  -0.98019867  -0.95599748  -0.92311635
   -0.8824969   -0.83527021  -0.78270454  -0.72614904]
 [ -0.99501248 167.50996396  -0.99501248  -0.98019867  -0.95599748
   -0.92311635  -0.8824969   -0.83527021  -0.78270454]
 [ -0.98019867  -0.99501248 178.08314809  -0.99501248  -0.98019867
   -0.95599748  -0.92311635  -0.8824969   -0.83527021]
 [ -0.95599748  -0.98019867  -0.99501248 188.11310997  -0.99501248
   -0.98019867  -0.95599748  -0.92311635  -0.8824969 ]
 [ -0.92311635  -0.95599748  -0.98019867  -0.99501248 197.48030178
   -0.99501248  -0.98019867  -0.95599748  -0.92311635]
 [ -0.8824969   -0.92311635  -0.95599748  -0.98019867  -0.99501248
  206.07969763  -0.99501248  -0.98019867  -0.95599748]
 [ -0.83527021  -0.8824969   -0.92311635  -0.95599748  -0.98019867
   -0.99501248 213.82357598  -0.99501248  -0.98019867]
 [ -0.78270454  -0.83527021  -0.8824969   -0.92311635  -0.95599748
   -0.98019867  -0.99501248 220.64363085  -0.99501248]
 [ -0.72614904  -0.78270454  -0.83527021  -0.8824969   -0.92311635
   -0.95599748  -0.98019867  -0.99501248 226.4923585 ]]
2025-02-11 14:21:41,641 - INFO - Tri rieng (Eigenvalues): [-3.64186691e-17  4.34595941e-05  2.26315926e-03]
2025-02-11 14:21:41,641 - INFO - Kich thuoc vector rieng: (2500, 3)
2025-02-11 14:21:41,641 - INFO - Mau cua vector rieng (9 hang dau):
[[ 1.37511270e-03 -1.23376526e-03  7.35106574e-05]
 [ 1.37511270e-03 -1.23376246e-03  7.35012738e-05]
 [ 1.37511270e-03 -1.23375940e-03  7.34910664e-05]
 [ 1.37511270e-03 -1.23375608e-03  7.34799636e-05]
 [ 1.37511270e-03 -1.23375245e-03  7.34678907e-05]
 [ 1.37511270e-03 -1.23374850e-03  7.34547701e-05]
 [ 1.37511270e-03 -1.23374419e-03  7.34405226e-05]
 [ 1.37511270e-03 -1.23373951e-03  7.34250683e-05]
 [ 1.37511270e-03 -1.23373443e-03  7.34083283e-05]]
2025-02-11 14:21:41,938 - INFO - Thoi gian: 2.5800600051879883 giay
2025-02-11 14:21:41,938 - INFO - Thoi gian COO: 0.2026655673980713 giay
2025-02-11 14:21:41,938 - INFO - file name: resized_image_55x55.png
2025-02-11 14:21:41,938 - INFO - Lan thu: 0
2025-02-11 14:21:41,940 - INFO - Kich thuoc anh: 55x55x3
2025-02-11 14:21:41,940 - INFO - Kich thuoc dac trung mau: (3025, 3), Kich thuoc toa do: (3025, 2)
2025-02-11 14:21:41,940 - INFO - Dac trung mau:
[[1. 1. 1.]
 [1. 1. 1.]
 [1. 1. 1.]
 [1. 1. 1.]
 [1. 1. 1.]
 [1. 1. 1.]
 [1. 1. 1.]
 [1. 1. 1.]
 [1. 1. 1.]]
2025-02-11 14:21:41,940 - INFO - Toa do:
[[0 0]
 [1 0]
 [2 0]
 [3 0]
 [4 0]
 [5 0]
 [6 0]
 [7 0]
 [8 0]]
2025-02-11 14:21:42,383 - INFO - Kich thuoc ma tran trong so (W): (3025, 3025)
2025-02-11 14:21:42,383 - INFO - Kich thuoc ma tran dac trung mau: (3025, 3025), Kich thuoc ma tran toa do: (3025, 3025)
2025-02-11 14:21:42,383 - INFO - Mau cua W_features (9x9 phan tu dau):
[[1. 1. 1. 1. 1. 1. 1. 1. 1.]
 [1. 1. 1. 1. 1. 1. 1. 1. 1.]
 [1. 1. 1. 1. 1. 1. 1. 1. 1.]
 [1. 1. 1. 1. 1. 1. 1. 1. 1.]
 [1. 1. 1. 1. 1. 1. 1. 1. 1.]
 [1. 1. 1. 1. 1. 1. 1. 1. 1.]
 [1. 1. 1. 1. 1. 1. 1. 1. 1.]
 [1. 1. 1. 1. 1. 1. 1. 1. 1.]
 [1. 1. 1. 1. 1. 1. 1. 1. 1.]]
2025-02-11 14:21:42,384 - INFO - Mau cua W_coords (9x9 phan tu dau):
[[1.         0.99501248 0.98019867 0.95599748 0.92311635 0.8824969
  0.83527021 0.78270454 0.72614904]
 [0.99501248 1.         0.99501248 0.98019867 0.95599748 0.92311635
  0.8824969  0.83527021 0.78270454]
 [0.98019867 0.99501248 1.         0.99501248 0.98019867 0.95599748
  0.92311635 0.8824969  0.83527021]
 [0.95599748 0.98019867 0.99501248 1.         0.99501248 0.98019867
  0.95599748 0.92311635 0.8824969 ]
 [0.92311635 0.95599748 0.98019867 0.99501248 1.         0.99501248
  0.98019867 0.95599748 0.92311635]
 [0.8824969  0.92311635 0.95599748 0.98019867 0.99501248 1.
  0.99501248 0.98019867 0.95599748]
 [0.83527021 0.8824969  0.92311635 0.95599748 0.98019867 0.99501248
  1.         0.99501248 0.98019867]
 [0.78270454 0.83527021 0.8824969  0.92311635 0.95599748 0.98019867
  0.99501248 1.         0.99501248]
 [0.72614904 0.78270454 0.83527021 0.8824969  0.92311635 0.95599748
  0.98019867 0.99501248 1.        ]]
2025-02-11 14:21:42,384 - INFO - Mau cua W (9x9 phan tu dau):
[[1.         0.99501248 0.98019867 0.95599748 0.92311635 0.8824969
  0.83527021 0.78270454 0.72614904]
 [0.99501248 1.         0.99501248 0.98019867 0.95599748 0.92311635
  0.8824969  0.83527021 0.78270454]
 [0.98019867 0.99501248 1.         0.99501248 0.98019867 0.95599748
  0.92311635 0.8824969  0.83527021]
 [0.95599748 0.98019867 0.99501248 1.         0.99501248 0.98019867
  0.95599748 0.92311635 0.8824969 ]
 [0.92311635 0.95599748 0.98019867 0.99501248 1.         0.99501248
  0.98019867 0.95599748 0.92311635]
 [0.8824969  0.92311635 0.95599748 0.98019867 0.99501248 1.
  0.99501248 0.98019867 0.95599748]
 [0.83527021 0.8824969  0.92311635 0.95599748 0.98019867 0.99501248
  1.         0.99501248 0.98019867]
 [0.78270454 0.83527021 0.8824969  0.92311635 0.95599748 0.98019867
  0.99501248 1.         0.99501248]
 [0.72614904 0.78270454 0.83527021 0.8824969  0.92311635 0.95599748
  0.98019867 0.99501248 1.        ]]
2025-02-11 14:21:42,443 - INFO - Kich thuoc ma tran duong cheo (D): (3025, 3025)
2025-02-11 14:21:42,443 - INFO - Mau cua D (9x9 phan tu dau):
[[162.00953979   0.           0.           0.           0.
    0.           0.           0.           0.        ]
 [  0.         173.63918439   0.           0.           0.
    0.           0.           0.           0.        ]
 [  0.           0.         184.90983323   0.           0.
    0.           0.           0.           0.        ]
 [  0.           0.           0.         195.68865003   0.
    0.           0.           0.           0.        ]
 [  0.           0.           0.           0.         205.85265425
    0.           0.           0.           0.        ]
 [  0.           0.           0.           0.           0.
  215.29194834   0.           0.           0.        ]
 [  0.           0.           0.           0.           0.
    0.         223.91237818   0.           0.        ]
 [  0.           0.           0.           0.           0.
    0.           0.         231.63753678   0.        ]
 [  0.           0.           0.           0.           0.
    0.           0.           0.         238.41006485]]
2025-02-11 14:21:42,444 - INFO - Kich thuoc ma tran Laplace (L): (3025, 3025)
2025-02-11 14:21:42,444 - INFO - Mau cua L (9x9 phan tu dau):
[[161.00953979  -0.99501248  -0.98019867  -0.95599748  -0.92311635
   -0.8824969   -0.83527021  -0.78270454  -0.72614904]
 [ -0.99501248 172.63918439  -0.99501248  -0.98019867  -0.95599748
   -0.92311635  -0.8824969   -0.83527021  -0.78270454]
 [ -0.98019867  -0.99501248 183.90983323  -0.99501248  -0.98019867
   -0.95599748  -0.92311635  -0.8824969   -0.83527021]
 [ -0.95599748  -0.98019867  -0.99501248 194.68865003  -0.99501248
   -0.98019867  -0.95599748  -0.92311635  -0.8824969 ]
 [ -0.92311635  -0.95599748  -0.98019867  -0.99501248 204.85265425
   -0.99501248  -0.98019867  -0.95599748  -0.92311635]
 [ -0.8824969   -0.92311635  -0.95599748  -0.98019867  -0.99501248
  214.29194834  -0.99501248  -0.98019867  -0.95599748]
 [ -0.83527021  -0.8824969   -0.92311635  -0.95599748  -0.98019867
   -0.99501248 222.91237818  -0.99501248  -0.98019867]
 [ -0.78270454  -0.83527021  -0.8824969   -0.92311635  -0.95599748
   -0.98019867  -0.99501248 230.63753678  -0.99501248]
 [ -0.72614904  -0.78270454  -0.83527021  -0.8824969   -0.92311635
   -0.95599748  -0.98019867  -0.99501248 237.41006485]]
2025-02-11 14:21:46,291 - INFO - Tri rieng (Eigenvalues): [4.46200072e-17 3.33228314e-05 2.53459154e-03]
2025-02-11 14:21:46,291 - INFO - Kich thuoc vector rieng: (3025, 3)
2025-02-11 14:21:46,291 - INFO - Mau cua vector rieng (9 hang dau):
[[-1.20318723e-03  1.07736230e-03  6.14801865e-05]
 [-1.20318723e-03  1.07735944e-03  6.14647358e-05]
 [-1.20318723e-03  1.07735632e-03  6.14479742e-05]
 [-1.20318723e-03  1.07735294e-03  6.14297952e-05]
 [-1.20318723e-03  1.07734926e-03  6.14100875e-05]
 [-1.20318723e-03  1.07734526e-03  6.13887354e-05]
 [-1.20318723e-03  1.07734093e-03  6.13656197e-05]
 [-1.20318723e-03  1.07733622e-03  6.13406188e-05]
 [-1.20318723e-03  1.07733113e-03  6.13136099e-05]]
2025-02-11 14:21:46,301 - INFO - Thoi gian: 4.362438440322876 giay
2025-02-11 14:21:46,301 - INFO - Thoi gian COO: 0.4539332389831543 giay
2025-02-11 14:21:46,301 - INFO - file name: resized_image_60x60.png
2025-02-11 14:21:46,301 - INFO - Lan thu: 0
2025-02-11 14:21:46,301 - INFO - Kich thuoc anh: 60x60x3
2025-02-11 14:21:46,301 - INFO - Kich thuoc dac trung mau: (3600, 3), Kich thuoc toa do: (3600, 2)
2025-02-11 14:21:46,301 - INFO - Dac trung mau:
[[1. 1. 1.]
 [1. 1. 1.]
 [1. 1. 1.]
 [1. 1. 1.]
 [1. 1. 1.]
 [1. 1. 1.]
 [1. 1. 1.]
 [1. 1. 1.]
 [1. 1. 1.]]
2025-02-11 14:21:46,301 - INFO - Toa do:
[[0 0]
 [1 0]
 [2 0]
 [3 0]
 [4 0]
 [5 0]
 [6 0]
 [7 0]
 [8 0]]
2025-02-11 14:21:46,762 - INFO - Kich thuoc ma tran trong so (W): (3600, 3600)
2025-02-11 14:21:46,762 - INFO - Kich thuoc ma tran dac trung mau: (3600, 3600), Kich thuoc ma tran toa do: (3600, 3600)
2025-02-11 14:21:46,762 - INFO - Mau cua W_features (9x9 phan tu dau):
[[1. 1. 1. 1. 1. 1. 1. 1. 1.]
 [1. 1. 1. 1. 1. 1. 1. 1. 1.]
 [1. 1. 1. 1. 1. 1. 1. 1. 1.]
 [1. 1. 1. 1. 1. 1. 1. 1. 1.]
 [1. 1. 1. 1. 1. 1. 1. 1. 1.]
 [1. 1. 1. 1. 1. 1. 1. 1. 1.]
 [1. 1. 1. 1. 1. 1. 1. 1. 1.]
 [1. 1. 1. 1. 1. 1. 1. 1. 1.]
 [1. 1. 1. 1. 1. 1. 1. 1. 1.]]
2025-02-11 14:21:46,762 - INFO - Mau cua W_coords (9x9 phan tu dau):
[[1.         0.99501248 0.98019867 0.95599748 0.92311635 0.8824969
  0.83527021 0.78270454 0.72614904]
 [0.99501248 1.         0.99501248 0.98019867 0.95599748 0.92311635
  0.8824969  0.83527021 0.78270454]
 [0.98019867 0.99501248 1.         0.99501248 0.98019867 0.95599748
  0.92311635 0.8824969  0.83527021]
 [0.95599748 0.98019867 0.99501248 1.         0.99501248 0.98019867
  0.95599748 0.92311635 0.8824969 ]
 [0.92311635 0.95599748 0.98019867 0.99501248 1.         0.99501248
  0.98019867 0.95599748 0.92311635]
 [0.8824969  0.92311635 0.95599748 0.98019867 0.99501248 1.
  0.99501248 0.98019867 0.95599748]
 [0.83527021 0.8824969  0.92311635 0.95599748 0.98019867 0.99501248
  1.         0.99501248 0.98019867]
 [0.78270454 0.83527021 0.8824969  0.92311635 0.95599748 0.98019867
  0.99501248 1.         0.99501248]
 [0.72614904 0.78270454 0.83527021 0.8824969  0.92311635 0.95599748
  0.98019867 0.99501248 1.        ]]
2025-02-11 14:21:46,766 - INFO - Mau cua W (9x9 phan tu dau):
[[1.         0.99501248 0.98019867 0.95599748 0.92311635 0.8824969
  0.83527021 0.78270454 0.72614904]
 [0.99501248 1.         0.99501248 0.98019867 0.95599748 0.92311635
  0.8824969  0.83527021 0.78270454]
 [0.98019867 0.99501248 1.         0.99501248 0.98019867 0.95599748
  0.92311635 0.8824969  0.83527021]
 [0.95599748 0.98019867 0.99501248 1.         0.99501248 0.98019867
  0.95599748 0.92311635 0.8824969 ]
 [0.92311635 0.95599748 0.98019867 0.99501248 1.         0.99501248
  0.98019867 0.95599748 0.92311635]
 [0.8824969  0.92311635 0.95599748 0.98019867 0.99501248 1.
  0.99501248 0.98019867 0.95599748]
 [0.83527021 0.8824969  0.92311635 0.95599748 0.98019867 0.99501248
  1.         0.99501248 0.98019867]
 [0.78270454 0.83527021 0.8824969  0.92311635 0.95599748 0.98019867
  0.99501248 1.         0.99501248]
 [0.72614904 0.78270454 0.83527021 0.8824969  0.92311635 0.95599748
  0.98019867 0.99501248 1.        ]]
2025-02-11 14:21:46,858 - INFO - Kich thuoc ma tran duong cheo (D): (3600, 3600)
2025-02-11 14:21:46,858 - INFO - Mau cua D (9x9 phan tu dau):
[[165.1264778    0.           0.           0.           0.
    0.           0.           0.           0.        ]
 [  0.         177.25179481   0.           0.           0.
    0.           0.           0.           0.        ]
 [  0.           0.         189.07127635   0.           0.
    0.           0.           0.           0.        ]
 [  0.           0.           0.         200.45357968   0.
    0.           0.           0.           0.        ]
 [  0.           0.           0.           0.         211.27658208
    0.           0.           0.           0.        ]
 [  0.           0.           0.           0.           0.
  221.43049307   0.           0.           0.        ]
 [  0.           0.           0.           0.           0.
    0.         230.82038979   0.           0.        ]
 [  0.           0.           0.           0.           0.
    0.           0.         239.36808507   0.        ]
 [  0.           0.           0.           0.           0.
    0.           0.           0.         247.0132831 ]]
2025-02-11 14:21:46,865 - INFO - Kich thuoc ma tran Laplace (L): (3600, 3600)
2025-02-11 14:21:46,865 - INFO - Mau cua L (9x9 phan tu dau):
[[164.1264778   -0.99501248  -0.98019867  -0.95599748  -0.92311635
   -0.8824969   -0.83527021  -0.78270454  -0.72614904]
 [ -0.99501248 176.25179481  -0.99501248  -0.98019867  -0.95599748
   -0.92311635  -0.8824969   -0.83527021  -0.78270454]
 [ -0.98019867  -0.99501248 188.07127635  -0.99501248  -0.98019867
   -0.95599748  -0.92311635  -0.8824969   -0.83527021]
 [ -0.95599748  -0.98019867  -0.99501248 199.45357968  -0.99501248
   -0.98019867  -0.95599748  -0.92311635  -0.8824969 ]
 [ -0.92311635  -0.95599748  -0.98019867  -0.99501248 210.27658208
   -0.99501248  -0.98019867  -0.95599748  -0.92311635]
 [ -0.8824969   -0.92311635  -0.95599748  -0.98019867  -0.99501248
  220.43049307  -0.99501248  -0.98019867  -0.95599748]
 [ -0.83527021  -0.8824969   -0.92311635  -0.95599748  -0.98019867
   -0.99501248 229.82038979  -0.99501248  -0.98019867]
 [ -0.78270454  -0.83527021  -0.8824969   -0.92311635  -0.95599748
   -0.98019867  -0.99501248 238.36808507  -0.99501248]
 [ -0.72614904  -0.78270454  -0.83527021  -0.8824969   -0.92311635
   -0.95599748  -0.98019867  -0.99501248 246.0132831 ]]
2025-02-11 14:21:52,166 - INFO - Tri rieng (Eigenvalues): [7.21672404e-17 2.82104181e-05 1.09944727e-03]
2025-02-11 14:21:52,166 - INFO - Kich thuoc vector rieng: (3600, 3)
2025-02-11 14:21:52,166 - INFO - Mau cua vector rieng (9 hang dau):
[[-1.06130040e-03 -9.41405721e-04 -5.05404374e-05]
 [-1.06130040e-03 -9.41403546e-04 -5.05348360e-05]
 [-1.06130040e-03 -9.41401177e-04 -5.05287503e-05]
 [-1.06130040e-03 -9.41398596e-04 -5.05221398e-05]
 [-1.06130040e-03 -9.41395785e-04 -5.05149622e-05]
 [-1.06130040e-03 -9.41392726e-04 -5.05071736e-05]
 [-1.06130040e-03 -9.41389399e-04 -5.04987285e-05]
 [-1.06130040e-03 -9.41385782e-04 -5.04895807e-05]
 [-1.06130040e-03 -9.41381856e-04 -5.04796836e-05]]
2025-02-11 14:21:52,170 - INFO - Thoi gian: 5.869494438171387 giay
2025-02-11 14:21:52,170 - INFO - Thoi gian COO: 0.48117923736572266 giay
2025-02-11 14:21:52,170 - INFO - file name: resized_image_65x65.png
2025-02-11 14:21:52,175 - INFO - Lan thu: 0
2025-02-11 14:21:52,185 - INFO - Kich thuoc anh: 65x65x3
2025-02-11 14:21:52,186 - INFO - Kich thuoc dac trung mau: (4225, 3), Kich thuoc toa do: (4225, 2)
2025-02-11 14:21:52,186 - INFO - Dac trung mau:
[[1. 1. 1.]
 [1. 1. 1.]
 [1. 1. 1.]
 [1. 1. 1.]
 [1. 1. 1.]
 [1. 1. 1.]
 [1. 1. 1.]
 [1. 1. 1.]
 [1. 1. 1.]]
2025-02-11 14:21:52,186 - INFO - Toa do:
[[0 0]
 [1 0]
 [2 0]
 [3 0]
 [4 0]
 [5 0]
 [6 0]
 [7 0]
 [8 0]]
2025-02-11 14:21:52,840 - INFO - Kich thuoc ma tran trong so (W): (4225, 4225)
2025-02-11 14:21:52,840 - INFO - Kich thuoc ma tran dac trung mau: (4225, 4225), Kich thuoc ma tran toa do: (4225, 4225)
2025-02-11 14:21:52,840 - INFO - Mau cua W_features (9x9 phan tu dau):
[[1. 1. 1. 1. 1. 1. 1. 1. 1.]
 [1. 1. 1. 1. 1. 1. 1. 1. 1.]
 [1. 1. 1. 1. 1. 1. 1. 1. 1.]
 [1. 1. 1. 1. 1. 1. 1. 1. 1.]
 [1. 1. 1. 1. 1. 1. 1. 1. 1.]
 [1. 1. 1. 1. 1. 1. 1. 1. 1.]
 [1. 1. 1. 1. 1. 1. 1. 1. 1.]
 [1. 1. 1. 1. 1. 1. 1. 1. 1.]
 [1. 1. 1. 1. 1. 1. 1. 1. 1.]]
2025-02-11 14:21:52,840 - INFO - Mau cua W_coords (9x9 phan tu dau):
[[1.         0.99501248 0.98019867 0.95599748 0.92311635 0.8824969
  0.83527021 0.78270454 0.72614904]
 [0.99501248 1.         0.99501248 0.98019867 0.95599748 0.92311635
  0.8824969  0.83527021 0.78270454]
 [0.98019867 0.99501248 1.         0.99501248 0.98019867 0.95599748
  0.92311635 0.8824969  0.83527021]
 [0.95599748 0.98019867 0.99501248 1.         0.99501248 0.98019867
  0.95599748 0.92311635 0.8824969 ]
 [0.92311635 0.95599748 0.98019867 0.99501248 1.         0.99501248
  0.98019867 0.95599748 0.92311635]
 [0.8824969  0.92311635 0.95599748 0.98019867 0.99501248 1.
  0.99501248 0.98019867 0.95599748]
 [0.83527021 0.8824969  0.92311635 0.95599748 0.98019867 0.99501248
  1.         0.99501248 0.98019867]
 [0.78270454 0.83527021 0.8824969  0.92311635 0.95599748 0.98019867
  0.99501248 1.         0.99501248]
 [0.72614904 0.78270454 0.83527021 0.8824969  0.92311635 0.95599748
  0.98019867 0.99501248 1.        ]]
2025-02-11 14:21:52,840 - INFO - Mau cua W (9x9 phan tu dau):
[[1.         0.99501248 0.98019867 0.95599748 0.92311635 0.8824969
  0.83527021 0.78270454 0.72614904]
 [0.99501248 1.         0.99501248 0.98019867 0.95599748 0.92311635
  0.8824969  0.83527021 0.78270454]
 [0.98019867 0.99501248 1.         0.99501248 0.98019867 0.95599748
  0.92311635 0.8824969  0.83527021]
 [0.95599748 0.98019867 0.99501248 1.         0.99501248 0.98019867
  0.95599748 0.92311635 0.8824969 ]
 [0.92311635 0.95599748 0.98019867 0.99501248 1.         0.99501248
  0.98019867 0.95599748 0.92311635]
 [0.8824969  0.92311635 0.95599748 0.98019867 0.99501248 1.
  0.99501248 0.98019867 0.95599748]
 [0.83527021 0.8824969  0.92311635 0.95599748 0.98019867 0.99501248
  1.         0.99501248 0.98019867]
 [0.78270454 0.83527021 0.8824969  0.92311635 0.95599748 0.98019867
  0.99501248 1.         0.99501248]
 [0.72614904 0.78270454 0.83527021 0.8824969  0.92311635 0.95599748
  0.98019867 0.99501248 1.        ]]
2025-02-11 14:21:52,978 - INFO - Kich thuoc ma tran duong cheo (D): (4225, 4225)
2025-02-11 14:21:52,978 - INFO - Mau cua D (9x9 phan tu dau):
[[166.92113603   0.           0.           0.           0.
    0.           0.           0.           0.        ]
 [  0.         179.33951427   0.           0.           0.
    0.           0.           0.           0.        ]
 [  0.           0.         191.48478532   0.           0.
    0.           0.           0.           0.        ]
 [  0.           0.           0.         203.22679813   0.
    0.           0.           0.           0.        ]
 [  0.           0.           0.           0.         214.44431521
    0.           0.           0.           0.        ]
 [  0.           0.           0.           0.           0.
  225.0280779    0.           0.           0.        ]
 [  0.           0.           0.           0.           0.
    0.         234.88329089   0.           0.        ]
 [  0.           0.           0.           0.           0.
    0.           0.         243.93143378   0.        ]
 [  0.           0.           0.           0.           0.
    0.           0.           0.         252.1113524 ]]
2025-02-11 14:21:52,978 - INFO - Kich thuoc ma tran Laplace (L): (4225, 4225)
2025-02-11 14:21:52,978 - INFO - Mau cua L (9x9 phan tu dau):
[[165.92113603  -0.99501248  -0.98019867  -0.95599748  -0.92311635
   -0.8824969   -0.83527021  -0.78270454  -0.72614904]
 [ -0.99501248 178.33951427  -0.99501248  -0.98019867  -0.95599748
   -0.92311635  -0.8824969   -0.83527021  -0.78270454]
 [ -0.98019867  -0.99501248 190.48478532  -0.99501248  -0.98019867
   -0.95599748  -0.92311635  -0.8824969   -0.83527021]
 [ -0.95599748  -0.98019867  -0.99501248 202.22679813  -0.99501248
   -0.98019867  -0.95599748  -0.92311635  -0.8824969 ]
 [ -0.92311635  -0.95599748  -0.98019867  -0.99501248 213.44431521
   -0.99501248  -0.98019867  -0.95599748  -0.92311635]
 [ -0.8824969   -0.92311635  -0.95599748  -0.98019867  -0.99501248
  224.0280779   -0.99501248  -0.98019867  -0.95599748]
 [ -0.83527021  -0.8824969   -0.92311635  -0.95599748  -0.98019867
   -0.99501248 233.88329089  -0.99501248  -0.98019867]
 [ -0.78270454  -0.83527021  -0.8824969   -0.92311635  -0.95599748
   -0.98019867  -0.99501248 242.93143378  -0.99501248]
 [ -0.72614904  -0.78270454  -0.83527021  -0.8824969   -0.92311635
   -0.95599748  -0.98019867  -0.99501248 251.1113524 ]]
2025-02-11 14:21:59,670 - INFO - Tri rieng (Eigenvalues): [-8.47027504e-17  3.16479735e-05  1.92641721e-03]
2025-02-11 14:21:59,670 - INFO - Kich thuoc vector rieng: (4225, 3)
2025-02-11 14:21:59,670 - INFO - Mau cua vector rieng (9 hang dau):
[[-9.58683439e-04  8.53803747e-04 -5.56853473e-05]
 [-9.58683439e-04  8.53801560e-04 -5.56735197e-05]
 [-9.58683439e-04  8.53799177e-04 -5.56606706e-05]
 [-9.58683439e-04  8.53796582e-04 -5.56467164e-05]
 [-9.58683439e-04  8.53793758e-04 -5.56315699e-05]
 [-9.58683439e-04  8.53790685e-04 -5.56151410e-05]
 [-9.58683439e-04  8.53787345e-04 -5.55973378e-05]
 [-9.58683439e-04  8.53783717e-04 -5.55780670e-05]
 [-9.58683439e-04  8.53779782e-04 -5.55572362e-05]]
2025-02-11 14:21:59,676 - INFO - Thoi gian: 7.505715847015381 giay
2025-02-11 14:21:59,676 - INFO - Thoi gian COO: 0.679107666015625 giay
2025-02-11 14:21:59,676 - INFO - file name: resized_image_70x70.png
2025-02-11 14:21:59,676 - INFO - Lan thu: 0
2025-02-11 14:21:59,686 - INFO - Kich thuoc anh: 70x70x3
2025-02-11 14:21:59,686 - INFO - Kich thuoc dac trung mau: (4900, 3), Kich thuoc toa do: (4900, 2)
2025-02-11 14:21:59,686 - INFO - Dac trung mau:
[[1. 1. 1.]
 [1. 1. 1.]
 [1. 1. 1.]
 [1. 1. 1.]
 [1. 1. 1.]
 [1. 1. 1.]
 [1. 1. 1.]
 [1. 1. 1.]
 [1. 1. 1.]]
2025-02-11 14:21:59,686 - INFO - Toa do:
[[0 0]
 [1 0]
 [2 0]
 [3 0]
 [4 0]
 [5 0]
 [6 0]
 [7 0]
 [8 0]]
2025-02-11 14:22:00,525 - INFO - Kich thuoc ma tran trong so (W): (4900, 4900)
2025-02-11 14:22:00,525 - INFO - Kich thuoc ma tran dac trung mau: (4900, 4900), Kich thuoc ma tran toa do: (4900, 4900)
2025-02-11 14:22:00,525 - INFO - Mau cua W_features (9x9 phan tu dau):
[[1. 1. 1. 1. 1. 1. 1. 1. 1.]
 [1. 1. 1. 1. 1. 1. 1. 1. 1.]
 [1. 1. 1. 1. 1. 1. 1. 1. 1.]
 [1. 1. 1. 1. 1. 1. 1. 1. 1.]
 [1. 1. 1. 1. 1. 1. 1. 1. 1.]
 [1. 1. 1. 1. 1. 1. 1. 1. 1.]
 [1. 1. 1. 1. 1. 1. 1. 1. 1.]
 [1. 1. 1. 1. 1. 1. 1. 1. 1.]
 [1. 1. 1. 1. 1. 1. 1. 1. 1.]]
2025-02-11 14:22:00,525 - INFO - Mau cua W_coords (9x9 phan tu dau):
[[1.         0.99501248 0.98019867 0.95599748 0.92311635 0.8824969
  0.83527021 0.78270454 0.72614904]
 [0.99501248 1.         0.99501248 0.98019867 0.95599748 0.92311635
  0.8824969  0.83527021 0.78270454]
 [0.98019867 0.99501248 1.         0.99501248 0.98019867 0.95599748
  0.92311635 0.8824969  0.83527021]
 [0.95599748 0.98019867 0.99501248 1.         0.99501248 0.98019867
  0.95599748 0.92311635 0.8824969 ]
 [0.92311635 0.95599748 0.98019867 0.99501248 1.         0.99501248
  0.98019867 0.95599748 0.92311635]
 [0.8824969  0.92311635 0.95599748 0.98019867 0.99501248 1.
  0.99501248 0.98019867 0.95599748]
 [0.83527021 0.8824969  0.92311635 0.95599748 0.98019867 0.99501248
  1.         0.99501248 0.98019867]
 [0.78270454 0.83527021 0.8824969  0.92311635 0.95599748 0.98019867
  0.99501248 1.         0.99501248]
 [0.72614904 0.78270454 0.83527021 0.8824969  0.92311635 0.95599748
  0.98019867 0.99501248 1.        ]]
2025-02-11 14:22:00,525 - INFO - Mau cua W (9x9 phan tu dau):
[[1.         0.99501248 0.98019867 0.95599748 0.92311635 0.8824969
  0.83527021 0.78270454 0.72614904]
 [0.99501248 1.         0.99501248 0.98019867 0.95599748 0.92311635
  0.8824969  0.83527021 0.78270454]
 [0.98019867 0.99501248 1.         0.99501248 0.98019867 0.95599748
  0.92311635 0.8824969  0.83527021]
 [0.95599748 0.98019867 0.99501248 1.         0.99501248 0.98019867
  0.95599748 0.92311635 0.8824969 ]
 [0.92311635 0.95599748 0.98019867 0.99501248 1.         0.99501248
  0.98019867 0.95599748 0.92311635]
 [0.8824969  0.92311635 0.95599748 0.98019867 0.99501248 1.
  0.99501248 0.98019867 0.95599748]
 [0.83527021 0.8824969  0.92311635 0.95599748 0.98019867 0.99501248
  1.         0.99501248 0.98019867]
 [0.78270454 0.83527021 0.8824969  0.92311635 0.95599748 0.98019867
  0.99501248 1.         0.99501248]
 [0.72614904 0.78270454 0.83527021 0.8824969  0.92311635 0.95599748
  0.98019867 0.99501248 1.        ]]
2025-02-11 14:22:00,703 - INFO - Kich thuoc ma tran duong cheo (D): (4900, 4900)
2025-02-11 14:22:00,703 - INFO - Mau cua D (9x9 phan tu dau):
[[168.19973952   0.           0.           0.           0.
    0.           0.           0.           0.        ]
 [  0.         180.84359727   0.           0.           0.
    0.           0.           0.           0.        ]
 [  0.           0.         193.24368895   0.           0.
    0.           0.           0.           0.        ]
 [  0.           0.           0.         205.2719153    0.
    0.           0.           0.           0.        ]
 [  0.           0.           0.           0.         216.80899291
    0.           0.           0.           0.        ]
 [  0.           0.           0.           0.           0.
  227.74748383   0.           0.           0.        ]
 [  0.           0.           0.           0.           0.
    0.         237.99424073   0.           0.        ]
 [  0.           0.           0.           0.           0.
    0.           0.         247.47217381   0.        ]
 [  0.           0.           0.           0.           0.
    0.           0.           0.         256.12129099]]
2025-02-11 14:22:00,703 - INFO - Kich thuoc ma tran Laplace (L): (4900, 4900)
2025-02-11 14:22:00,703 - INFO - Mau cua L (9x9 phan tu dau):
[[167.19973952  -0.99501248  -0.98019867  -0.95599748  -0.92311635
   -0.8824969   -0.83527021  -0.78270454  -0.72614904]
 [ -0.99501248 179.84359727  -0.99501248  -0.98019867  -0.95599748
   -0.92311635  -0.8824969   -0.83527021  -0.78270454]
 [ -0.98019867  -0.99501248 192.24368895  -0.99501248  -0.98019867
   -0.95599748  -0.92311635  -0.8824969   -0.83527021]
 [ -0.95599748  -0.98019867  -0.99501248 204.2719153   -0.99501248
   -0.98019867  -0.95599748  -0.92311635  -0.8824969 ]
 [ -0.92311635  -0.95599748  -0.98019867  -0.99501248 215.80899291
   -0.99501248  -0.98019867  -0.95599748  -0.92311635]
 [ -0.8824969   -0.92311635  -0.95599748  -0.98019867  -0.99501248
  226.74748383  -0.99501248  -0.98019867  -0.95599748]
 [ -0.83527021  -0.8824969   -0.92311635  -0.95599748  -0.98019867
   -0.99501248 236.99424073  -0.99501248  -0.98019867]
 [ -0.78270454  -0.83527021  -0.8824969   -0.92311635  -0.95599748
   -0.98019867  -0.99501248 246.47217381  -0.99501248]
 [ -0.72614904  -0.78270454  -0.83527021  -0.8824969   -0.92311635
   -0.95599748  -0.98019867  -0.99501248 255.12129099]]
2025-02-11 14:22:11,359 - INFO - Tri rieng (Eigenvalues): [1.13794855e-16 3.63621369e-05 1.85760750e-03]
2025-02-11 14:22:11,359 - INFO - Kich thuoc vector rieng: (4900, 3)
2025-02-11 14:22:11,359 - INFO - Mau cua vector rieng (9 hang dau):
[[-8.66480921e-04 -7.65227201e-04  5.38626743e-05]
 [-8.66480921e-04 -7.65225355e-04  5.38528872e-05]
 [-8.66480921e-04 -7.65223340e-04  5.38422446e-05]
 [-8.66480921e-04 -7.65221140e-04  5.38306749e-05]
 [-8.66480921e-04 -7.65218740e-04  5.38181025e-05]
 [-8.66480921e-04 -7.65216121e-04  5.38044494e-05]
 [-8.66480921e-04 -7.65213266e-04  5.37896351e-05]
 [-8.66480921e-04 -7.65210156e-04  5.37735780e-05]
 [-8.66480921e-04 -7.65206772e-04  5.37561960e-05]]
2025-02-11 14:22:11,367 - INFO - Thoi gian: 11.69093942642212 giay
2025-02-11 14:22:11,367 - INFO - Thoi gian COO: 0.8669099807739258 giay
2025-02-11 14:22:11,367 - INFO - file name: resized_image_75x75.png
2025-02-11 14:22:11,367 - INFO - Lan thu: 0
2025-02-11 14:22:11,377 - INFO - Kich thuoc anh: 75x75x3
2025-02-11 14:22:11,377 - INFO - Kich thuoc dac trung mau: (5625, 3), Kich thuoc toa do: (5625, 2)
2025-02-11 14:22:11,377 - INFO - Dac trung mau:
[[1. 1. 1.]
 [1. 1. 1.]
 [1. 1. 1.]
 [1. 1. 1.]
 [1. 1. 1.]
 [1. 1. 1.]
 [1. 1. 1.]
 [1. 1. 1.]
 [1. 1. 1.]]
2025-02-11 14:22:11,377 - INFO - Toa do:
[[0 0]
 [1 0]
 [2 0]
 [3 0]
 [4 0]
 [5 0]
 [6 0]
 [7 0]
 [8 0]]
2025-02-11 14:22:12,477 - INFO - Kich thuoc ma tran trong so (W): (5625, 5625)
2025-02-11 14:22:12,477 - INFO - Kich thuoc ma tran dac trung mau: (5625, 5625), Kich thuoc ma tran toa do: (5625, 5625)
2025-02-11 14:22:12,477 - INFO - Mau cua W_features (9x9 phan tu dau):
[[1. 1. 1. 1. 1. 1. 1. 1. 1.]
 [1. 1. 1. 1. 1. 1. 1. 1. 1.]
 [1. 1. 1. 1. 1. 1. 1. 1. 1.]
 [1. 1. 1. 1. 1. 1. 1. 1. 1.]
 [1. 1. 1. 1. 1. 1. 1. 1. 1.]
 [1. 1. 1. 1. 1. 1. 1. 1. 1.]
 [1. 1. 1. 1. 1. 1. 1. 1. 1.]
 [1. 1. 1. 1. 1. 1. 1. 1. 1.]
 [1. 1. 1. 1. 1. 1. 1. 1. 1.]]
2025-02-11 14:22:12,477 - INFO - Mau cua W_coords (9x9 phan tu dau):
[[1.         0.99501248 0.98019867 0.95599748 0.92311635 0.8824969
  0.83527021 0.78270454 0.72614904]
 [0.99501248 1.         0.99501248 0.98019867 0.95599748 0.92311635
  0.8824969  0.83527021 0.78270454]
 [0.98019867 0.99501248 1.         0.99501248 0.98019867 0.95599748
  0.92311635 0.8824969  0.83527021]
 [0.95599748 0.98019867 0.99501248 1.         0.99501248 0.98019867
  0.95599748 0.92311635 0.8824969 ]
 [0.92311635 0.95599748 0.98019867 0.99501248 1.         0.99501248
  0.98019867 0.95599748 0.92311635]
 [0.8824969  0.92311635 0.95599748 0.98019867 0.99501248 1.
  0.99501248 0.98019867 0.95599748]
 [0.83527021 0.8824969  0.92311635 0.95599748 0.98019867 0.99501248
  1.         0.99501248 0.98019867]
 [0.78270454 0.83527021 0.8824969  0.92311635 0.95599748 0.98019867
  0.99501248 1.         0.99501248]
 [0.72614904 0.78270454 0.83527021 0.8824969  0.92311635 0.95599748
  0.98019867 0.99501248 1.        ]]
2025-02-11 14:22:12,477 - INFO - Mau cua W (9x9 phan tu dau):
[[1.         0.99501248 0.98019867 0.95599748 0.92311635 0.8824969
  0.83527021 0.78270454 0.72614904]
 [0.99501248 1.         0.99501248 0.98019867 0.95599748 0.92311635
  0.8824969  0.83527021 0.78270454]
 [0.98019867 0.99501248 1.         0.99501248 0.98019867 0.95599748
  0.92311635 0.8824969  0.83527021]
 [0.95599748 0.98019867 0.99501248 1.         0.99501248 0.98019867
  0.95599748 0.92311635 0.8824969 ]
 [0.92311635 0.95599748 0.98019867 0.99501248 1.         0.99501248
  0.98019867 0.95599748 0.92311635]
 [0.8824969  0.92311635 0.95599748 0.98019867 0.99501248 1.
  0.99501248 0.98019867 0.95599748]
 [0.83527021 0.8824969  0.92311635 0.95599748 0.98019867 0.99501248
  1.         0.99501248 0.98019867]
 [0.78270454 0.83527021 0.8824969  0.92311635 0.95599748 0.98019867
  0.99501248 1.         0.99501248]
 [0.72614904 0.78270454 0.83527021 0.8824969  0.92311635 0.95599748
  0.98019867 0.99501248 1.        ]]
2025-02-11 14:22:12,744 - INFO - Kich thuoc ma tran duong cheo (D): (5625, 5625)
2025-02-11 14:22:12,744 - INFO - Mau cua D (9x9 phan tu dau):
[[168.89770825   0.           0.           0.           0.
    0.           0.           0.           0.        ]
 [  0.         181.67001507   0.           0.           0.
    0.           0.           0.           0.        ]
 [  0.           0.         194.21661805   0.           0.
    0.           0.           0.           0.        ]
 [  0.           0.           0.         206.4110467    0.
    0.           0.           0.           0.        ]
 [  0.           0.           0.           0.         218.13569037
    0.           0.           0.           0.        ]
 [  0.           0.           0.           0.           0.
  229.2848204    0.           0.           0.        ]
 [  0.           0.           0.           0.           0.
    0.         239.76702447   0.           0.        ]
 [  0.           0.           0.           0.           0.
    0.           0.         249.5069572    0.        ]
 [  0.           0.           0.           0.           0.
    0.           0.           0.         258.4463562 ]]
2025-02-11 14:22:12,744 - INFO - Kich thuoc ma tran Laplace (L): (5625, 5625)
2025-02-11 14:22:12,744 - INFO - Mau cua L (9x9 phan tu dau):
[[167.89770825  -0.99501248  -0.98019867  -0.95599748  -0.92311635
   -0.8824969   -0.83527021  -0.78270454  -0.72614904]
 [ -0.99501248 180.67001507  -0.99501248  -0.98019867  -0.95599748
   -0.92311635  -0.8824969   -0.83527021  -0.78270454]
 [ -0.98019867  -0.99501248 193.21661805  -0.99501248  -0.98019867
   -0.95599748  -0.92311635  -0.8824969   -0.83527021]
 [ -0.95599748  -0.98019867  -0.99501248 205.4110467   -0.99501248
   -0.98019867  -0.95599748  -0.92311635  -0.8824969 ]
 [ -0.92311635  -0.95599748  -0.98019867  -0.99501248 217.13569037
   -0.99501248  -0.98019867  -0.95599748  -0.92311635]
 [ -0.8824969   -0.92311635  -0.95599748  -0.98019867  -0.99501248
  228.2848204   -0.99501248  -0.98019867  -0.95599748]
 [ -0.83527021  -0.8824969   -0.92311635  -0.95599748  -0.98019867
   -0.99501248 238.76702447  -0.99501248  -0.98019867]
 [ -0.78270454  -0.83527021  -0.8824969   -0.92311635  -0.95599748
   -0.98019867  -0.99501248 248.5069572   -0.99501248]
 [ -0.72614904  -0.78270454  -0.83527021  -0.8824969   -0.92311635
   -0.95599748  -0.98019867  -0.99501248 257.4463562 ]]
2025-02-11 14:22:26,447 - INFO - Tri rieng (Eigenvalues): [-1.02374866e-16  3.48375414e-05  1.56410830e-03]
2025-02-11 14:22:26,447 - INFO - Kich thuoc vector rieng: (5625, 3)
2025-02-11 14:22:26,447 - INFO - Mau cua vector rieng (9 hang dau):
[[ 7.92140341e-04 -6.98123558e-04 -5.36242175e-05]
 [ 7.92140341e-04 -6.98121413e-04 -5.36140977e-05]
 [ 7.92140341e-04 -6.98119074e-04 -5.36031008e-05]
 [ 7.92140341e-04 -6.98116526e-04 -5.35911547e-05]
 [ 7.92140341e-04 -6.98113750e-04 -5.35781840e-05]
 [ 7.92140341e-04 -6.98110727e-04 -5.35641112e-05]
 [ 7.92140341e-04 -6.98107439e-04 -5.35488569e-05]
 [ 7.92140341e-04 -6.98103865e-04 -5.35323407e-05]
 [ 7.92140341e-04 -6.98099986e-04 -5.35144827e-05]]
2025-02-11 14:22:26,459 - INFO - Thoi gian: 15.092547416687012 giay
2025-02-11 14:22:26,459 - INFO - Thoi gian COO: 1.1525342464447021 giay
2025-02-11 14:22:26,459 - INFO - file name: resized_image_80x80.png
2025-02-11 14:22:26,459 - INFO - Lan thu: 0
2025-02-11 14:22:26,467 - INFO - Kich thuoc anh: 80x80x3
2025-02-11 14:22:26,467 - INFO - Kich thuoc dac trung mau: (6400, 3), Kich thuoc toa do: (6400, 2)
2025-02-11 14:22:26,467 - INFO - Dac trung mau:
[[1. 1. 1.]
 [1. 1. 1.]
 [1. 1. 1.]
 [1. 1. 1.]
 [1. 1. 1.]
 [1. 1. 1.]
 [1. 1. 1.]
 [1. 1. 1.]
 [1. 1. 1.]]
2025-02-11 14:22:26,467 - INFO - Toa do:
[[0 0]
 [1 0]
 [2 0]
 [3 0]
 [4 0]
 [5 0]
 [6 0]
 [7 0]
 [8 0]]
2025-02-11 14:22:28,334 - INFO - Kich thuoc ma tran trong so (W): (6400, 6400)
2025-02-11 14:22:28,334 - INFO - Kich thuoc ma tran dac trung mau: (6400, 6400), Kich thuoc ma tran toa do: (6400, 6400)
2025-02-11 14:22:28,334 - INFO - Mau cua W_features (9x9 phan tu dau):
[[1. 1. 1. 1. 1. 1. 1. 1. 1.]
 [1. 1. 1. 1. 1. 1. 1. 1. 1.]
 [1. 1. 1. 1. 1. 1. 1. 1. 1.]
 [1. 1. 1. 1. 1. 1. 1. 1. 1.]
 [1. 1. 1. 1. 1. 1. 1. 1. 1.]
 [1. 1. 1. 1. 1. 1. 1. 1. 1.]
 [1. 1. 1. 1. 1. 1. 1. 1. 1.]
 [1. 1. 1. 1. 1. 1. 1. 1. 1.]
 [1. 1. 1. 1. 1. 1. 1. 1. 1.]]
2025-02-11 14:22:28,334 - INFO - Mau cua W_coords (9x9 phan tu dau):
[[1.         0.99501248 0.98019867 0.95599748 0.92311635 0.8824969
  0.83527021 0.78270454 0.72614904]
 [0.99501248 1.         0.99501248 0.98019867 0.95599748 0.92311635
  0.8824969  0.83527021 0.78270454]
 [0.98019867 0.99501248 1.         0.99501248 0.98019867 0.95599748
  0.92311635 0.8824969  0.83527021]
 [0.95599748 0.98019867 0.99501248 1.         0.99501248 0.98019867
  0.95599748 0.92311635 0.8824969 ]
 [0.92311635 0.95599748 0.98019867 0.99501248 1.         0.99501248
  0.98019867 0.95599748 0.92311635]
 [0.8824969  0.92311635 0.95599748 0.98019867 0.99501248 1.
  0.99501248 0.98019867 0.95599748]
 [0.83527021 0.8824969  0.92311635 0.95599748 0.98019867 0.99501248
  1.         0.99501248 0.98019867]
 [0.78270454 0.83527021 0.8824969  0.92311635 0.95599748 0.98019867
  0.99501248 1.         0.99501248]
 [0.72614904 0.78270454 0.83527021 0.8824969  0.92311635 0.95599748
  0.98019867 0.99501248 1.        ]]
