2025-02-15 23:32:31,266 - INFO - file name: resized_image_50x50.png
2025-02-15 23:32:31,267 - INFO - Lan thu: 0
2025-02-15 23:32:31,277 - INFO - Kich thuoc anh: 50x50x3
2025-02-15 23:32:31,277 - INFO - Kich thuoc dac trung mau: (2500, 3), Kich thuoc toa do: (2500, 2)
2025-02-15 23:32:33,387 - INFO - Kich thuoc ma tran trong so (W): (2500, 2500)
2025-02-15 23:32:33,512 - INFO - Thoi gian xu ly (song song hoa): 0.1255 giay
2025-02-15 23:32:33,585 - INFO - Kich thuoc ma tran duong cheo (D): (2500, 2500)
2025-02-15 23:32:33,585 - INFO - Mau cua D (9 phan tu dau):
[157.52426934 168.50996396 179.08314809 189.11310997 198.48030178
 207.07969763 214.82357598 221.64363085 227.4923585 ]
2025-02-15 23:32:33,586 - INFO - Kich thuoc ma tran Laplace (L): (2500, 2500)
2025-02-15 23:32:33,586 - INFO - Mau cua L (9x9 phan tu dau):
[[156.52426934  -0.99501248  -0.98019867  -0.95599748  -0.92311635
   -0.8824969   -0.83527021  -0.78270454  -0.72614904]
 [ -0.99501248 167.50996396  -0.99501248  -0.98019867  -0.95599748
   -0.92311635  -0.8824969   -0.83527021  -0.78270454]
 [ -0.98019867  -0.99501248 178.08314809  -0.99501248  -0.98019867
   -0.95599748  -0.92311635  -0.8824969   -0.83527021]
 [ -0.95599748  -0.98019867  -0.99501248 188.11310997  -0.99501248
   -0.98019867  -0.95599748  -0.92311635  -0.8824969 ]
 [ -0.92311635  -0.95599748  -0.98019867  -0.99501248 197.48030178
   -0.99501248  -0.98019867  -0.95599748  -0.92311635]
 [ -0.8824969   -0.92311635  -0.95599748  -0.98019867  -0.99501248
  206.07969763  -0.99501248  -0.98019867  -0.95599748]
 [ -0.83527021  -0.8824969   -0.92311635  -0.95599748  -0.98019867
   -0.99501248 213.82357598  -0.99501248  -0.98019867]
 [ -0.78270454  -0.83527021  -0.8824969   -0.92311635  -0.95599748
   -0.98019867  -0.99501248 220.64363085  -0.99501248]
 [ -0.72614904  -0.78270454  -0.83527021  -0.8824969   -0.92311635
   -0.95599748  -0.98019867  -0.99501248 226.4923585 ]]
2025-02-15 23:32:46,730 - INFO - Thoi gian: 15.463242769241333 giay
2025-02-15 23:32:46,730 - INFO - Thoi gian ma tran W: 2.2432994842529297 giay
2025-02-15 23:32:46,740 - INFO - file name: resized_image_55x55.png
2025-02-15 23:32:46,740 - INFO - Lan thu: 0
2025-02-15 23:32:46,742 - INFO - Kich thuoc anh: 55x55x3
2025-02-15 23:32:46,742 - INFO - Kich thuoc dac trung mau: (3025, 3), Kich thuoc toa do: (3025, 2)
2025-02-15 23:32:48,031 - INFO - Kich thuoc ma tran trong so (W): (3025, 3025)
2025-02-15 23:32:48,221 - INFO - Thoi gian xu ly (song song hoa): 0.1891 giay
2025-02-15 23:32:48,326 - INFO - Kich thuoc ma tran duong cheo (D): (3025, 3025)
2025-02-15 23:32:48,326 - INFO - Mau cua D (9 phan tu dau):
[162.00953979 173.63918439 184.90983323 195.68865003 205.85265425
 215.29194834 223.91237818 231.63753678 238.41006485]
2025-02-15 23:32:48,327 - INFO - Kich thuoc ma tran Laplace (L): (3025, 3025)
2025-02-15 23:32:48,327 - INFO - Mau cua L (9x9 phan tu dau):
[[161.00953979  -0.99501248  -0.98019867  -0.95599748  -0.92311635
   -0.8824969   -0.83527021  -0.78270454  -0.72614904]
 [ -0.99501248 172.63918439  -0.99501248  -0.98019867  -0.95599748
   -0.92311635  -0.8824969   -0.83527021  -0.78270454]
 [ -0.98019867  -0.99501248 183.90983323  -0.99501248  -0.98019867
   -0.95599748  -0.92311635  -0.8824969   -0.83527021]
 [ -0.95599748  -0.98019867  -0.99501248 194.68865003  -0.99501248
   -0.98019867  -0.95599748  -0.92311635  -0.8824969 ]
 [ -0.92311635  -0.95599748  -0.98019867  -0.99501248 204.85265425
   -0.99501248  -0.98019867  -0.95599748  -0.92311635]
 [ -0.8824969   -0.92311635  -0.95599748  -0.98019867  -0.99501248
  214.29194834  -0.99501248  -0.98019867  -0.95599748]
 [ -0.83527021  -0.8824969   -0.92311635  -0.95599748  -0.98019867
   -0.99501248 222.91237818  -0.99501248  -0.98019867]
 [ -0.78270454  -0.83527021  -0.8824969   -0.92311635  -0.95599748
   -0.98019867  -0.99501248 230.63753678  -0.99501248]
 [ -0.72614904  -0.78270454  -0.83527021  -0.8824969   -0.92311635
   -0.95599748  -0.98019867  -0.99501248 237.41006485]]
2025-02-15 23:33:08,805 - INFO - Thoi gian: 22.06485676765442 giay
2025-02-15 23:33:08,805 - INFO - Thoi gian ma tran W: 1.4911885261535645 giay
2025-02-15 23:33:08,806 - INFO - file name: resized_image_60x60.png
2025-02-15 23:33:08,806 - INFO - Lan thu: 0
2025-02-15 23:33:08,809 - INFO - Kich thuoc anh: 60x60x3
2025-02-15 23:33:08,809 - INFO - Kich thuoc dac trung mau: (3600, 3), Kich thuoc toa do: (3600, 2)
2025-02-15 23:33:09,413 - INFO - Kich thuoc ma tran trong so (W): (3600, 3600)
2025-02-15 23:33:09,725 - INFO - Thoi gian xu ly (song song hoa): 0.3126 giay
2025-02-15 23:33:09,875 - INFO - Kich thuoc ma tran duong cheo (D): (3600, 3600)
2025-02-15 23:33:09,875 - INFO - Mau cua D (9 phan tu dau):
[165.1264778  177.25179481 189.07127635 200.45357968 211.27658208
 221.43049307 230.82038979 239.36808507 247.0132831 ]
2025-02-15 23:33:09,875 - INFO - Kich thuoc ma tran Laplace (L): (3600, 3600)
2025-02-15 23:33:09,875 - INFO - Mau cua L (9x9 phan tu dau):
[[164.1264778   -0.99501248  -0.98019867  -0.95599748  -0.92311635
   -0.8824969   -0.83527021  -0.78270454  -0.72614904]
 [ -0.99501248 176.25179481  -0.99501248  -0.98019867  -0.95599748
   -0.92311635  -0.8824969   -0.83527021  -0.78270454]
 [ -0.98019867  -0.99501248 188.07127635  -0.99501248  -0.98019867
   -0.95599748  -0.92311635  -0.8824969   -0.83527021]
 [ -0.95599748  -0.98019867  -0.99501248 199.45357968  -0.99501248
   -0.98019867  -0.95599748  -0.92311635  -0.8824969 ]
 [ -0.92311635  -0.95599748  -0.98019867  -0.99501248 210.27658208
   -0.99501248  -0.98019867  -0.95599748  -0.92311635]
 [ -0.8824969   -0.92311635  -0.95599748  -0.98019867  -0.99501248
  220.43049307  -0.99501248  -0.98019867  -0.95599748]
 [ -0.83527021  -0.8824969   -0.92311635  -0.95599748  -0.98019867
   -0.99501248 229.82038979  -0.99501248  -0.98019867]
 [ -0.78270454  -0.83527021  -0.8824969   -0.92311635  -0.95599748
   -0.98019867  -0.99501248 238.36808507  -0.99501248]
 [ -0.72614904  -0.78270454  -0.83527021  -0.8824969   -0.92311635
   -0.95599748  -0.98019867  -0.99501248 246.0132831 ]]
2025-02-15 23:34:03,293 - INFO - Thoi gian: 54.48766112327576 giay
2025-02-15 23:34:03,293 - INFO - Thoi gian ma tran W: 0.9330940246582031 giay
2025-02-15 23:34:03,294 - INFO - file name: resized_image_65x65.png
2025-02-15 23:34:03,294 - INFO - Lan thu: 0
2025-02-15 23:34:03,295 - INFO - Kich thuoc anh: 65x65x3
2025-02-15 23:34:03,296 - INFO - Kich thuoc dac trung mau: (4225, 3), Kich thuoc toa do: (4225, 2)
2025-02-15 23:34:03,972 - INFO - Kich thuoc ma tran trong so (W): (4225, 4225)
2025-02-15 23:34:04,342 - INFO - Thoi gian xu ly (song song hoa): 0.3698 giay
2025-02-15 23:34:04,573 - INFO - Kich thuoc ma tran duong cheo (D): (4225, 4225)
2025-02-15 23:34:04,573 - INFO - Mau cua D (9 phan tu dau):
[166.92113603 179.33951427 191.48478532 203.22679813 214.44431521
 225.0280779  234.88329089 243.93143378 252.1113524 ]
2025-02-15 23:34:04,573 - INFO - Kich thuoc ma tran Laplace (L): (4225, 4225)
2025-02-15 23:34:04,573 - INFO - Mau cua L (9x9 phan tu dau):
[[165.92113603  -0.99501248  -0.98019867  -0.95599748  -0.92311635
   -0.8824969   -0.83527021  -0.78270454  -0.72614904]
 [ -0.99501248 178.33951427  -0.99501248  -0.98019867  -0.95599748
   -0.92311635  -0.8824969   -0.83527021  -0.78270454]
 [ -0.98019867  -0.99501248 190.48478532  -0.99501248  -0.98019867
   -0.95599748  -0.92311635  -0.8824969   -0.83527021]
 [ -0.95599748  -0.98019867  -0.99501248 202.22679813  -0.99501248
   -0.98019867  -0.95599748  -0.92311635  -0.8824969 ]
 [ -0.92311635  -0.95599748  -0.98019867  -0.99501248 213.44431521
   -0.99501248  -0.98019867  -0.95599748  -0.92311635]
 [ -0.8824969   -0.92311635  -0.95599748  -0.98019867  -0.99501248
  224.0280779   -0.99501248  -0.98019867  -0.95599748]
 [ -0.83527021  -0.8824969   -0.92311635  -0.95599748  -0.98019867
   -0.99501248 233.88329089  -0.99501248  -0.98019867]
 [ -0.78270454  -0.83527021  -0.8824969   -0.92311635  -0.95599748
   -0.98019867  -0.99501248 242.93143378  -0.99501248]
 [ -0.72614904  -0.78270454  -0.83527021  -0.8824969   -0.92311635
   -0.95599748  -0.98019867  -0.99501248 251.1113524 ]]
2025-02-15 23:34:53,299 - INFO - Thoi gian: 50.005504846572876 giay
2025-02-15 23:34:53,299 - INFO - Thoi gian ma tran W: 1.0651895999908447 giay
2025-02-15 23:34:53,299 - INFO - file name: resized_image_70x70.png
2025-02-15 23:34:53,299 - INFO - Lan thu: 0
2025-02-15 23:34:53,301 - INFO - Kich thuoc anh: 70x70x3
2025-02-15 23:34:53,301 - INFO - Kich thuoc dac trung mau: (4900, 3), Kich thuoc toa do: (4900, 2)
2025-02-15 23:34:54,191 - INFO - Kich thuoc ma tran trong so (W): (4900, 4900)
2025-02-15 23:34:54,712 - INFO - Thoi gian xu ly (song song hoa): 0.5204 giay
2025-02-15 23:34:54,995 - INFO - Kich thuoc ma tran duong cheo (D): (4900, 4900)
2025-02-15 23:34:54,995 - INFO - Mau cua D (9 phan tu dau):
[168.19973952 180.84359727 193.24368895 205.2719153  216.80899291
 227.74748383 237.99424073 247.47217381 256.12129099]
2025-02-15 23:34:54,996 - INFO - Kich thuoc ma tran Laplace (L): (4900, 4900)
2025-02-15 23:34:54,996 - INFO - Mau cua L (9x9 phan tu dau):
[[167.19973952  -0.99501248  -0.98019867  -0.95599748  -0.92311635
   -0.8824969   -0.83527021  -0.78270454  -0.72614904]
 [ -0.99501248 179.84359727  -0.99501248  -0.98019867  -0.95599748
   -0.92311635  -0.8824969   -0.83527021  -0.78270454]
 [ -0.98019867  -0.99501248 192.24368895  -0.99501248  -0.98019867
   -0.95599748  -0.92311635  -0.8824969   -0.83527021]
 [ -0.95599748  -0.98019867  -0.99501248 204.2719153   -0.99501248
   -0.98019867  -0.95599748  -0.92311635  -0.8824969 ]
 [ -0.92311635  -0.95599748  -0.98019867  -0.99501248 215.80899291
   -0.99501248  -0.98019867  -0.95599748  -0.92311635]
 [ -0.8824969   -0.92311635  -0.95599748  -0.98019867  -0.99501248
  226.74748383  -0.99501248  -0.98019867  -0.95599748]
 [ -0.83527021  -0.8824969   -0.92311635  -0.95599748  -0.98019867
   -0.99501248 236.99424073  -0.99501248  -0.98019867]
 [ -0.78270454  -0.83527021  -0.8824969   -0.92311635  -0.95599748
   -0.98019867  -0.99501248 246.47217381  -0.99501248]
 [ -0.72614904  -0.78270454  -0.83527021  -0.8824969   -0.92311635
   -0.95599748  -0.98019867  -0.99501248 255.12129099]]
2025-02-15 23:36:02,104 - INFO - Thoi gian: 68.80491328239441 giay
2025-02-15 23:36:02,104 - INFO - Thoi gian ma tran W: 1.4466326236724854 giay
2025-02-15 23:36:02,105 - INFO - file name: resized_image_50x50.png
2025-02-15 23:36:02,105 - INFO - Lan thu: 1
2025-02-15 23:36:02,107 - INFO - Kich thuoc anh: 50x50x3
2025-02-15 23:36:02,107 - INFO - Kich thuoc dac trung mau: (2500, 3), Kich thuoc toa do: (2500, 2)
2025-02-15 23:36:02,369 - INFO - Kich thuoc ma tran trong so (W): (2500, 2500)
2025-02-15 23:36:02,500 - INFO - Thoi gian xu ly (song song hoa): 0.1308 giay
2025-02-15 23:36:02,570 - INFO - Kich thuoc ma tran duong cheo (D): (2500, 2500)
2025-02-15 23:36:02,571 - INFO - Mau cua D (9 phan tu dau):
[157.52426934 168.50996396 179.08314809 189.11310997 198.48030178
 207.07969763 214.82357598 221.64363085 227.4923585 ]
2025-02-15 23:36:02,572 - INFO - Kich thuoc ma tran Laplace (L): (2500, 2500)
2025-02-15 23:36:02,572 - INFO - Mau cua L (9x9 phan tu dau):
[[156.52426934  -0.99501248  -0.98019867  -0.95599748  -0.92311635
   -0.8824969   -0.83527021  -0.78270454  -0.72614904]
 [ -0.99501248 167.50996396  -0.99501248  -0.98019867  -0.95599748
   -0.92311635  -0.8824969   -0.83527021  -0.78270454]
 [ -0.98019867  -0.99501248 178.08314809  -0.99501248  -0.98019867
   -0.95599748  -0.92311635  -0.8824969   -0.83527021]
 [ -0.95599748  -0.98019867  -0.99501248 188.11310997  -0.99501248
   -0.98019867  -0.95599748  -0.92311635  -0.8824969 ]
 [ -0.92311635  -0.95599748  -0.98019867  -0.99501248 197.48030178
   -0.99501248  -0.98019867  -0.95599748  -0.92311635]
 [ -0.8824969   -0.92311635  -0.95599748  -0.98019867  -0.99501248
  206.07969763  -0.99501248  -0.98019867  -0.95599748]
 [ -0.83527021  -0.8824969   -0.92311635  -0.95599748  -0.98019867
   -0.99501248 213.82357598  -0.99501248  -0.98019867]
 [ -0.78270454  -0.83527021  -0.8824969   -0.92311635  -0.95599748
   -0.98019867  -0.99501248 220.64363085  -0.99501248]
 [ -0.72614904  -0.78270454  -0.83527021  -0.8824969   -0.92311635
   -0.95599748  -0.98019867  -0.99501248 226.4923585 ]]
2025-02-15 23:36:17,368 - INFO - Thoi gian: 15.263402462005615 giay
2025-02-15 23:36:17,368 - INFO - Thoi gian ma tran W: 0.39975547790527344 giay
2025-02-15 23:36:17,368 - INFO - file name: resized_image_55x55.png
2025-02-15 23:36:17,369 - INFO - Lan thu: 1
2025-02-15 23:36:17,370 - INFO - Kich thuoc anh: 55x55x3
2025-02-15 23:36:17,370 - INFO - Kich thuoc dac trung mau: (3025, 3), Kich thuoc toa do: (3025, 2)
2025-02-15 23:36:17,727 - INFO - Kich thuoc ma tran trong so (W): (3025, 3025)
2025-02-15 23:36:17,911 - INFO - Thoi gian xu ly (song song hoa): 0.1842 giay
2025-02-15 23:36:18,017 - INFO - Kich thuoc ma tran duong cheo (D): (3025, 3025)
2025-02-15 23:36:18,018 - INFO - Mau cua D (9 phan tu dau):
[162.00953979 173.63918439 184.90983323 195.68865003 205.85265425
 215.29194834 223.91237818 231.63753678 238.41006485]
2025-02-15 23:36:18,018 - INFO - Kich thuoc ma tran Laplace (L): (3025, 3025)
2025-02-15 23:36:18,018 - INFO - Mau cua L (9x9 phan tu dau):
[[161.00953979  -0.99501248  -0.98019867  -0.95599748  -0.92311635
   -0.8824969   -0.83527021  -0.78270454  -0.72614904]
 [ -0.99501248 172.63918439  -0.99501248  -0.98019867  -0.95599748
   -0.92311635  -0.8824969   -0.83527021  -0.78270454]
 [ -0.98019867  -0.99501248 183.90983323  -0.99501248  -0.98019867
   -0.95599748  -0.92311635  -0.8824969   -0.83527021]
 [ -0.95599748  -0.98019867  -0.99501248 194.68865003  -0.99501248
   -0.98019867  -0.95599748  -0.92311635  -0.8824969 ]
 [ -0.92311635  -0.95599748  -0.98019867  -0.99501248 204.85265425
   -0.99501248  -0.98019867  -0.95599748  -0.92311635]
 [ -0.8824969   -0.92311635  -0.95599748  -0.98019867  -0.99501248
  214.29194834  -0.99501248  -0.98019867  -0.95599748]
 [ -0.83527021  -0.8824969   -0.92311635  -0.95599748  -0.98019867
   -0.99501248 222.91237818  -0.99501248  -0.98019867]
 [ -0.78270454  -0.83527021  -0.8824969   -0.92311635  -0.95599748
   -0.98019867  -0.99501248 230.63753678  -0.99501248]
 [ -0.72614904  -0.78270454  -0.83527021  -0.8824969   -0.92311635
   -0.95599748  -0.98019867  -0.99501248 237.41006485]]
2025-02-15 23:36:41,066 - INFO - Thoi gian: 23.697821855545044 giay
2025-02-15 23:36:41,066 - INFO - Thoi gian ma tran W: 0.5529670715332031 giay
2025-02-15 23:36:41,067 - INFO - file name: resized_image_60x60.png
2025-02-15 23:36:41,067 - INFO - Lan thu: 1
2025-02-15 23:36:41,068 - INFO - Kich thuoc anh: 60x60x3
2025-02-15 23:36:41,068 - INFO - Kich thuoc dac trung mau: (3600, 3), Kich thuoc toa do: (3600, 2)
2025-02-15 23:36:41,568 - INFO - Kich thuoc ma tran trong so (W): (3600, 3600)
2025-02-15 23:36:41,842 - INFO - Thoi gian xu ly (song song hoa): 0.2743 giay
2025-02-15 23:36:41,994 - INFO - Kich thuoc ma tran duong cheo (D): (3600, 3600)
2025-02-15 23:36:41,994 - INFO - Mau cua D (9 phan tu dau):
[165.1264778  177.25179481 189.07127635 200.45357968 211.27658208
 221.43049307 230.82038979 239.36808507 247.0132831 ]
2025-02-15 23:36:41,995 - INFO - Kich thuoc ma tran Laplace (L): (3600, 3600)
2025-02-15 23:36:41,995 - INFO - Mau cua L (9x9 phan tu dau):
[[164.1264778   -0.99501248  -0.98019867  -0.95599748  -0.92311635
   -0.8824969   -0.83527021  -0.78270454  -0.72614904]
 [ -0.99501248 176.25179481  -0.99501248  -0.98019867  -0.95599748
   -0.92311635  -0.8824969   -0.83527021  -0.78270454]
 [ -0.98019867  -0.99501248 188.07127635  -0.99501248  -0.98019867
   -0.95599748  -0.92311635  -0.8824969   -0.83527021]
 [ -0.95599748  -0.98019867  -0.99501248 199.45357968  -0.99501248
   -0.98019867  -0.95599748  -0.92311635  -0.8824969 ]
 [ -0.92311635  -0.95599748  -0.98019867  -0.99501248 210.27658208
   -0.99501248  -0.98019867  -0.95599748  -0.92311635]
 [ -0.8824969   -0.92311635  -0.95599748  -0.98019867  -0.99501248
  220.43049307  -0.99501248  -0.98019867  -0.95599748]
 [ -0.83527021  -0.8824969   -0.92311635  -0.95599748  -0.98019867
   -0.99501248 229.82038979  -0.99501248  -0.98019867]
 [ -0.78270454  -0.83527021  -0.8824969   -0.92311635  -0.95599748
   -0.98019867  -0.99501248 238.36808507  -0.99501248]
 [ -0.72614904  -0.78270454  -0.83527021  -0.8824969   -0.92311635
   -0.95599748  -0.98019867  -0.99501248 246.0132831 ]]
2025-02-15 23:37:38,651 - INFO - Thoi gian: 57.584184408187866 giay
2025-02-15 23:37:38,651 - INFO - Thoi gian ma tran W: 0.7922160625457764 giay
2025-02-15 23:37:38,651 - INFO - file name: resized_image_65x65.png
2025-02-15 23:37:38,651 - INFO - Lan thu: 1
2025-02-15 23:37:38,653 - INFO - Kich thuoc anh: 65x65x3
2025-02-15 23:37:38,653 - INFO - Kich thuoc dac trung mau: (4225, 3), Kich thuoc toa do: (4225, 2)
2025-02-15 23:37:39,324 - INFO - Kich thuoc ma tran trong so (W): (4225, 4225)
2025-02-15 23:37:39,691 - INFO - Thoi gian xu ly (song song hoa): 0.3668 giay
2025-02-15 23:37:39,912 - INFO - Kich thuoc ma tran duong cheo (D): (4225, 4225)
2025-02-15 23:37:39,913 - INFO - Mau cua D (9 phan tu dau):
[166.92113603 179.33951427 191.48478532 203.22679813 214.44431521
 225.0280779  234.88329089 243.93143378 252.1113524 ]
2025-02-15 23:37:39,913 - INFO - Kich thuoc ma tran Laplace (L): (4225, 4225)
2025-02-15 23:37:39,913 - INFO - Mau cua L (9x9 phan tu dau):
[[165.92113603  -0.99501248  -0.98019867  -0.95599748  -0.92311635
   -0.8824969   -0.83527021  -0.78270454  -0.72614904]
 [ -0.99501248 178.33951427  -0.99501248  -0.98019867  -0.95599748
   -0.92311635  -0.8824969   -0.83527021  -0.78270454]
 [ -0.98019867  -0.99501248 190.48478532  -0.99501248  -0.98019867
   -0.95599748  -0.92311635  -0.8824969   -0.83527021]
 [ -0.95599748  -0.98019867  -0.99501248 202.22679813  -0.99501248
   -0.98019867  -0.95599748  -0.92311635  -0.8824969 ]
 [ -0.92311635  -0.95599748  -0.98019867  -0.99501248 213.44431521
   -0.99501248  -0.98019867  -0.95599748  -0.92311635]
 [ -0.8824969   -0.92311635  -0.95599748  -0.98019867  -0.99501248
  224.0280779   -0.99501248  -0.98019867  -0.95599748]
 [ -0.83527021  -0.8824969   -0.92311635  -0.95599748  -0.98019867
   -0.99501248 233.88329089  -0.99501248  -0.98019867]
 [ -0.78270454  -0.83527021  -0.8824969   -0.92311635  -0.95599748
   -0.98019867  -0.99501248 242.93143378  -0.99501248]
 [ -0.72614904  -0.78270454  -0.83527021  -0.8824969   -0.92311635
   -0.95599748  -0.98019867  -0.99501248 251.1113524 ]]
2025-02-15 23:38:27,068 - INFO - Thoi gian: 48.41707444190979 giay
2025-02-15 23:38:27,068 - INFO - Thoi gian ma tran W: 1.062835693359375 giay
2025-02-15 23:38:27,068 - INFO - file name: resized_image_70x70.png
2025-02-15 23:38:27,068 - INFO - Lan thu: 1
2025-02-15 23:38:27,070 - INFO - Kich thuoc anh: 70x70x3
2025-02-15 23:38:27,070 - INFO - Kich thuoc dac trung mau: (4900, 3), Kich thuoc toa do: (4900, 2)
2025-02-15 23:38:27,968 - INFO - Kich thuoc ma tran trong so (W): (4900, 4900)
2025-02-15 23:38:28,483 - INFO - Thoi gian xu ly (song song hoa): 0.5155 giay
2025-02-15 23:38:28,768 - INFO - Kich thuoc ma tran duong cheo (D): (4900, 4900)
2025-02-15 23:38:28,768 - INFO - Mau cua D (9 phan tu dau):
[168.19973952 180.84359727 193.24368895 205.2719153  216.80899291
 227.74748383 237.99424073 247.47217381 256.12129099]
2025-02-15 23:38:28,768 - INFO - Kich thuoc ma tran Laplace (L): (4900, 4900)
2025-02-15 23:38:28,769 - INFO - Mau cua L (9x9 phan tu dau):
[[167.19973952  -0.99501248  -0.98019867  -0.95599748  -0.92311635
   -0.8824969   -0.83527021  -0.78270454  -0.72614904]
 [ -0.99501248 179.84359727  -0.99501248  -0.98019867  -0.95599748
   -0.92311635  -0.8824969   -0.83527021  -0.78270454]
 [ -0.98019867  -0.99501248 192.24368895  -0.99501248  -0.98019867
   -0.95599748  -0.92311635  -0.8824969   -0.83527021]
 [ -0.95599748  -0.98019867  -0.99501248 204.2719153   -0.99501248
   -0.98019867  -0.95599748  -0.92311635  -0.8824969 ]
 [ -0.92311635  -0.95599748  -0.98019867  -0.99501248 215.80899291
   -0.99501248  -0.98019867  -0.95599748  -0.92311635]
 [ -0.8824969   -0.92311635  -0.95599748  -0.98019867  -0.99501248
  226.74748383  -0.99501248  -0.98019867  -0.95599748]
 [ -0.83527021  -0.8824969   -0.92311635  -0.95599748  -0.98019867
   -0.99501248 236.99424073  -0.99501248  -0.98019867]
 [ -0.78270454  -0.83527021  -0.8824969   -0.92311635  -0.95599748
   -0.98019867  -0.99501248 246.47217381  -0.99501248]
 [ -0.72614904  -0.78270454  -0.83527021  -0.8824969   -0.92311635
   -0.95599748  -0.98019867  -0.99501248 255.12129099]]
2025-02-15 23:39:34,001 - INFO - Thoi gian: 66.93243861198425 giay
2025-02-15 23:39:34,001 - INFO - Thoi gian ma tran W: 1.4444921016693115 giay
2025-02-15 23:39:34,001 - INFO - file name: resized_image_50x50.png
2025-02-15 23:39:34,001 - INFO - Lan thu: 2
2025-02-15 23:39:34,004 - INFO - Kich thuoc anh: 50x50x3
2025-02-15 23:39:34,004 - INFO - Kich thuoc dac trung mau: (2500, 3), Kich thuoc toa do: (2500, 2)
2025-02-15 23:39:34,261 - INFO - Kich thuoc ma tran trong so (W): (2500, 2500)
2025-02-15 23:39:34,389 - INFO - Thoi gian xu ly (song song hoa): 0.1281 giay
2025-02-15 23:39:34,465 - INFO - Kich thuoc ma tran duong cheo (D): (2500, 2500)
2025-02-15 23:39:34,465 - INFO - Mau cua D (9 phan tu dau):
[157.52426934 168.50996396 179.08314809 189.11310997 198.48030178
 207.07969763 214.82357598 221.64363085 227.4923585 ]
2025-02-15 23:39:34,466 - INFO - Kich thuoc ma tran Laplace (L): (2500, 2500)
2025-02-15 23:39:34,466 - INFO - Mau cua L (9x9 phan tu dau):
[[156.52426934  -0.99501248  -0.98019867  -0.95599748  -0.92311635
   -0.8824969   -0.83527021  -0.78270454  -0.72614904]
 [ -0.99501248 167.50996396  -0.99501248  -0.98019867  -0.95599748
   -0.92311635  -0.8824969   -0.83527021  -0.78270454]
 [ -0.98019867  -0.99501248 178.08314809  -0.99501248  -0.98019867
   -0.95599748  -0.92311635  -0.8824969   -0.83527021]
 [ -0.95599748  -0.98019867  -0.99501248 188.11310997  -0.99501248
   -0.98019867  -0.95599748  -0.92311635  -0.8824969 ]
 [ -0.92311635  -0.95599748  -0.98019867  -0.99501248 197.48030178
   -0.99501248  -0.98019867  -0.95599748  -0.92311635]
 [ -0.8824969   -0.92311635  -0.95599748  -0.98019867  -0.99501248
  206.07969763  -0.99501248  -0.98019867  -0.95599748]
 [ -0.83527021  -0.8824969   -0.92311635  -0.95599748  -0.98019867
   -0.99501248 213.82357598  -0.99501248  -0.98019867]
 [ -0.78270454  -0.83527021  -0.8824969   -0.92311635  -0.95599748
   -0.98019867  -0.99501248 220.64363085  -0.99501248]
 [ -0.72614904  -0.78270454  -0.83527021  -0.8824969   -0.92311635
   -0.95599748  -0.98019867  -0.99501248 226.4923585 ]]
2025-02-15 23:39:49,052 - INFO - Thoi gian: 15.050935745239258 giay
2025-02-15 23:39:49,052 - INFO - Thoi gian ma tran W: 0.3944258689880371 giay
2025-02-15 23:39:49,053 - INFO - file name: resized_image_55x55.png
2025-02-15 23:39:49,053 - INFO - Lan thu: 2
2025-02-15 23:39:49,054 - INFO - Kich thuoc anh: 55x55x3
2025-02-15 23:39:49,054 - INFO - Kich thuoc dac trung mau: (3025, 3), Kich thuoc toa do: (3025, 2)
2025-02-15 23:39:49,434 - INFO - Kich thuoc ma tran trong so (W): (3025, 3025)
2025-02-15 23:39:49,626 - INFO - Thoi gian xu ly (song song hoa): 0.1918 giay
2025-02-15 23:39:49,743 - INFO - Kich thuoc ma tran duong cheo (D): (3025, 3025)
2025-02-15 23:39:49,743 - INFO - Mau cua D (9 phan tu dau):
[162.00953979 173.63918439 184.90983323 195.68865003 205.85265425
 215.29194834 223.91237818 231.63753678 238.41006485]
2025-02-15 23:39:49,744 - INFO - Kich thuoc ma tran Laplace (L): (3025, 3025)
2025-02-15 23:39:49,744 - INFO - Mau cua L (9x9 phan tu dau):
[[161.00953979  -0.99501248  -0.98019867  -0.95599748  -0.92311635
   -0.8824969   -0.83527021  -0.78270454  -0.72614904]
 [ -0.99501248 172.63918439  -0.99501248  -0.98019867  -0.95599748
   -0.92311635  -0.8824969   -0.83527021  -0.78270454]
 [ -0.98019867  -0.99501248 183.90983323  -0.99501248  -0.98019867
   -0.95599748  -0.92311635  -0.8824969   -0.83527021]
 [ -0.95599748  -0.98019867  -0.99501248 194.68865003  -0.99501248
   -0.98019867  -0.95599748  -0.92311635  -0.8824969 ]
 [ -0.92311635  -0.95599748  -0.98019867  -0.99501248 204.85265425
   -0.99501248  -0.98019867  -0.95599748  -0.92311635]
 [ -0.8824969   -0.92311635  -0.95599748  -0.98019867  -0.99501248
  214.29194834  -0.99501248  -0.98019867  -0.95599748]
 [ -0.83527021  -0.8824969   -0.92311635  -0.95599748  -0.98019867
   -0.99501248 222.91237818  -0.99501248  -0.98019867]
 [ -0.78270454  -0.83527021  -0.8824969   -0.92311635  -0.95599748
   -0.98019867  -0.99501248 230.63753678  -0.99501248]
 [ -0.72614904  -0.78270454  -0.83527021  -0.8824969   -0.92311635
   -0.95599748  -0.98019867  -0.99501248 237.41006485]]
2025-02-15 23:40:09,375 - INFO - Thoi gian: 20.32198405265808 giay
2025-02-15 23:40:09,375 - INFO - Thoi gian ma tran W: 0.5815985202789307 giay
2025-02-15 23:40:09,375 - INFO - file name: resized_image_60x60.png
2025-02-15 23:40:09,375 - INFO - Lan thu: 2
2025-02-15 23:40:09,377 - INFO - Kich thuoc anh: 60x60x3
2025-02-15 23:40:09,377 - INFO - Kich thuoc dac trung mau: (3600, 3), Kich thuoc toa do: (3600, 2)
2025-02-15 23:40:09,871 - INFO - Kich thuoc ma tran trong so (W): (3600, 3600)
2025-02-15 23:40:10,148 - INFO - Thoi gian xu ly (song song hoa): 0.2773 giay
2025-02-15 23:40:10,296 - INFO - Kich thuoc ma tran duong cheo (D): (3600, 3600)
2025-02-15 23:40:10,296 - INFO - Mau cua D (9 phan tu dau):
[165.1264778  177.25179481 189.07127635 200.45357968 211.27658208
 221.43049307 230.82038979 239.36808507 247.0132831 ]
2025-02-15 23:40:10,296 - INFO - Kich thuoc ma tran Laplace (L): (3600, 3600)
2025-02-15 23:40:10,296 - INFO - Mau cua L (9x9 phan tu dau):
[[164.1264778   -0.99501248  -0.98019867  -0.95599748  -0.92311635
   -0.8824969   -0.83527021  -0.78270454  -0.72614904]
 [ -0.99501248 176.25179481  -0.99501248  -0.98019867  -0.95599748
   -0.92311635  -0.8824969   -0.83527021  -0.78270454]
 [ -0.98019867  -0.99501248 188.07127635  -0.99501248  -0.98019867
   -0.95599748  -0.92311635  -0.8824969   -0.83527021]
 [ -0.95599748  -0.98019867  -0.99501248 199.45357968  -0.99501248
   -0.98019867  -0.95599748  -0.92311635  -0.8824969 ]
 [ -0.92311635  -0.95599748  -0.98019867  -0.99501248 210.27658208
   -0.99501248  -0.98019867  -0.95599748  -0.92311635]
 [ -0.8824969   -0.92311635  -0.95599748  -0.98019867  -0.99501248
  220.43049307  -0.99501248  -0.98019867  -0.95599748]
 [ -0.83527021  -0.8824969   -0.92311635  -0.95599748  -0.98019867
   -0.99501248 229.82038979  -0.99501248  -0.98019867]
 [ -0.78270454  -0.83527021  -0.8824969   -0.92311635  -0.95599748
   -0.98019867  -0.99501248 238.36808507  -0.99501248]
 [ -0.72614904  -0.78270454  -0.83527021  -0.8824969   -0.92311635
   -0.95599748  -0.98019867  -0.99501248 246.0132831 ]]
2025-02-15 23:40:58,321 - INFO - Thoi gian: 48.94637370109558 giay
2025-02-15 23:40:58,322 - INFO - Thoi gian ma tran W: 0.7891287803649902 giay
2025-02-15 23:40:58,322 - INFO - file name: resized_image_65x65.png
2025-02-15 23:40:58,322 - INFO - Lan thu: 2
2025-02-15 23:40:58,324 - INFO - Kich thuoc anh: 65x65x3
2025-02-15 23:40:58,324 - INFO - Kich thuoc dac trung mau: (4225, 3), Kich thuoc toa do: (4225, 2)
2025-02-15 23:40:59,008 - INFO - Kich thuoc ma tran trong so (W): (4225, 4225)
2025-02-15 23:40:59,429 - INFO - Thoi gian xu ly (song song hoa): 0.4204 giay
2025-02-15 23:40:59,668 - INFO - Kich thuoc ma tran duong cheo (D): (4225, 4225)
2025-02-15 23:40:59,668 - INFO - Mau cua D (9 phan tu dau):
[166.92113603 179.33951427 191.48478532 203.22679813 214.44431521
 225.0280779  234.88329089 243.93143378 252.1113524 ]
2025-02-15 23:40:59,669 - INFO - Kich thuoc ma tran Laplace (L): (4225, 4225)
2025-02-15 23:40:59,669 - INFO - Mau cua L (9x9 phan tu dau):
[[165.92113603  -0.99501248  -0.98019867  -0.95599748  -0.92311635
   -0.8824969   -0.83527021  -0.78270454  -0.72614904]
 [ -0.99501248 178.33951427  -0.99501248  -0.98019867  -0.95599748
   -0.92311635  -0.8824969   -0.83527021  -0.78270454]
 [ -0.98019867  -0.99501248 190.48478532  -0.99501248  -0.98019867
   -0.95599748  -0.92311635  -0.8824969   -0.83527021]
 [ -0.95599748  -0.98019867  -0.99501248 202.22679813  -0.99501248
   -0.98019867  -0.95599748  -0.92311635  -0.8824969 ]
 [ -0.92311635  -0.95599748  -0.98019867  -0.99501248 213.44431521
   -0.99501248  -0.98019867  -0.95599748  -0.92311635]
 [ -0.8824969   -0.92311635  -0.95599748  -0.98019867  -0.99501248
  224.0280779   -0.99501248  -0.98019867  -0.95599748]
 [ -0.83527021  -0.8824969   -0.92311635  -0.95599748  -0.98019867
   -0.99501248 233.88329089  -0.99501248  -0.98019867]
 [ -0.78270454  -0.83527021  -0.8824969   -0.92311635  -0.95599748
   -0.98019867  -0.99501248 242.93143378  -0.99501248]
 [ -0.72614904  -0.78270454  -0.83527021  -0.8824969   -0.92311635
   -0.95599748  -0.98019867  -0.99501248 251.1113524 ]]
2025-02-15 23:41:48,859 - INFO - Thoi gian: 50.537524700164795 giay
2025-02-15 23:41:48,859 - INFO - Thoi gian ma tran W: 1.1331369876861572 giay
2025-02-15 23:41:48,860 - INFO - file name: resized_image_70x70.png
2025-02-15 23:41:48,860 - INFO - Lan thu: 2
2025-02-15 23:41:48,862 - INFO - Kich thuoc anh: 70x70x3
2025-02-15 23:41:48,862 - INFO - Kich thuoc dac trung mau: (4900, 3), Kich thuoc toa do: (4900, 2)
2025-02-15 23:41:49,879 - INFO - Kich thuoc ma tran trong so (W): (4900, 4900)
2025-02-15 23:41:50,571 - INFO - Thoi gian xu ly (song song hoa): 0.6918 giay
2025-02-15 23:41:50,872 - INFO - Kich thuoc ma tran duong cheo (D): (4900, 4900)
2025-02-15 23:41:50,872 - INFO - Mau cua D (9 phan tu dau):
[168.19973952 180.84359727 193.24368895 205.2719153  216.80899291
 227.74748383 237.99424073 247.47217381 256.12129099]
2025-02-15 23:41:50,873 - INFO - Kich thuoc ma tran Laplace (L): (4900, 4900)
2025-02-15 23:41:50,873 - INFO - Mau cua L (9x9 phan tu dau):
[[167.19973952  -0.99501248  -0.98019867  -0.95599748  -0.92311635
   -0.8824969   -0.83527021  -0.78270454  -0.72614904]
 [ -0.99501248 179.84359727  -0.99501248  -0.98019867  -0.95599748
   -0.92311635  -0.8824969   -0.83527021  -0.78270454]
 [ -0.98019867  -0.99501248 192.24368895  -0.99501248  -0.98019867
   -0.95599748  -0.92311635  -0.8824969   -0.83527021]
 [ -0.95599748  -0.98019867  -0.99501248 204.2719153   -0.99501248
   -0.98019867  -0.95599748  -0.92311635  -0.8824969 ]
 [ -0.92311635  -0.95599748  -0.98019867  -0.99501248 215.80899291
   -0.99501248  -0.98019867  -0.95599748  -0.92311635]
 [ -0.8824969   -0.92311635  -0.95599748  -0.98019867  -0.99501248
  226.74748383  -0.99501248  -0.98019867  -0.95599748]
 [ -0.83527021  -0.8824969   -0.92311635  -0.95599748  -0.98019867
   -0.99501248 236.99424073  -0.99501248  -0.98019867]
 [ -0.78270454  -0.83527021  -0.8824969   -0.92311635  -0.95599748
   -0.98019867  -0.99501248 246.47217381  -0.99501248]
 [ -0.72614904  -0.78270454  -0.83527021  -0.8824969   -0.92311635
   -0.95599748  -0.98019867  -0.99501248 255.12129099]]
2025-02-15 23:42:51,454 - INFO - Thoi gian: 62.59391808509827 giay
2025-02-15 23:42:51,454 - INFO - Thoi gian ma tran W: 1.7387545108795166 giay
