2025-01-22 12:48:22,803 - INFO - Dang tinh toan ma tran trong so...
2025-01-22 12:48:22,804 - INFO - Kich thuoc anh: 59x60x3
2025-01-22 12:48:22,806 - INFO - Kich thuoc dac trung mau: (3540, 3), Kich thuoc toa do: (3540, 2)
2025-01-22 12:48:22,807 - INFO - Dac trung mau (9 phan tu dau):
[[1. 1. 1.]
 [1. 1. 1.]
 [1. 1. 1.]
 [1. 1. 1.]
 [1. 1. 1.]
 [1. 1. 1.]
 [1. 1. 1.]
 [1. 1. 1.]
 [1. 1. 1.]]
2025-01-22 12:48:22,807 - INFO - Toa do (9 phan tu dau):
[[0 0]
 [1 0]
 [2 0]
 [3 0]
 [4 0]
 [5 0]
 [6 0]
 [7 0]
 [8 0]]
2025-01-22 12:48:23,365 - INFO - Manh cua W (9x9 phan tu dau):
[[1.         0.99501248 0.98019867 0.95599748 0.92311635 0.8824969
  0.83527021 0.78270454 0.72614904]
 [0.99501248 1.         0.99501248 0.98019867 0.95599748 0.92311635
  0.8824969  0.83527021 0.78270454]
 [0.98019867 0.99501248 1.         0.99501248 0.98019867 0.95599748
  0.92311635 0.8824969  0.83527021]
 [0.95599748 0.98019867 0.99501248 1.         0.99501248 0.98019867
  0.95599748 0.92311635 0.8824969 ]
 [0.92311635 0.95599748 0.98019867 0.99501248 1.         0.99501248
  0.98019867 0.95599748 0.92311635]
 [0.8824969  0.92311635 0.95599748 0.98019867 0.99501248 1.
  0.99501248 0.98019867 0.95599748]
 [0.83527021 0.8824969  0.92311635 0.95599748 0.98019867 0.99501248
  1.         0.99501248 0.98019867]
 [0.78270454 0.83527021 0.8824969  0.92311635 0.95599748 0.98019867
  0.99501248 1.         0.99501248]
 [0.72614904 0.78270454 0.83527021 0.8824969  0.92311635 0.95599748
  0.98019867 0.99501248 1.        ]]
2025-01-22 12:48:23,365 - INFO - Dang tinh toan ma tran Laplace...
2025-01-22 12:48:24,230 - INFO - Dang tinh vector rieng...
2025-01-22 12:48:28,692 - INFO - Dang phan vung do thi...
2025-01-22 12:48:28,692 - INFO - Mau cua vector rieng (9 hang dau):
[[0.00107995 0.00075352]
 [0.00107995 0.00075352]
 [0.00107995 0.00075352]
 [0.00107995 0.00075351]
 [0.00107995 0.00075351]
 [0.00107995 0.00075351]
 [0.00107995 0.00075351]
 [0.00107995 0.00075351]
 [0.00107995 0.00075351]]
2025-01-22 12:48:28,830 - INFO - Nhan gan cho 27 pixel dau tien: [1 1 1 1 1 1 1 1 1 1 1 1 1 1 1 1 1 1 1 1 1 1 1 1 1 1 1]
2025-01-22 12:48:28,831 - INFO - Dang hien thi ket qua...
2025-01-22 12:48:28,831 - INFO - Thoi gian: 7.423621892929077 giay
2025-01-22 12:48:31,313 - INFO - Dang tinh toan ma tran trong so...
2025-01-22 12:48:31,314 - INFO - Kich thuoc anh: 59x60x3
2025-01-22 12:48:31,317 - INFO - Kich thuoc dac trung mau: (3540, 3), Kich thuoc toa do: (3540, 2)
2025-01-22 12:48:31,318 - INFO - Dac trung mau (9 phan tu dau):
[[1. 1. 1.]
 [1. 1. 1.]
 [1. 1. 1.]
 [1. 1. 1.]
 [1. 1. 1.]
 [1. 1. 1.]
 [1. 1. 1.]
 [1. 1. 1.]
 [1. 1. 1.]]
2025-01-22 12:48:31,319 - INFO - Toa do (9 phan tu dau):
[[0 0]
 [1 0]
 [2 0]
 [3 0]
 [4 0]
 [5 0]
 [6 0]
 [7 0]
 [8 0]]
2025-01-22 12:48:32,128 - INFO - Manh cua W (9x9 phan tu dau):
[[1.         0.99501248 0.98019867 0.95599748 0.92311635 0.8824969
  0.83527021 0.78270454 0.72614904]
 [0.99501248 1.         0.99501248 0.98019867 0.95599748 0.92311635
  0.8824969  0.83527021 0.78270454]
 [0.98019867 0.99501248 1.         0.99501248 0.98019867 0.95599748
  0.92311635 0.8824969  0.83527021]
 [0.95599748 0.98019867 0.99501248 1.         0.99501248 0.98019867
  0.95599748 0.92311635 0.8824969 ]
 [0.92311635 0.95599748 0.98019867 0.99501248 1.         0.99501248
  0.98019867 0.95599748 0.92311635]
 [0.8824969  0.92311635 0.95599748 0.98019867 0.99501248 1.
  0.99501248 0.98019867 0.95599748]
 [0.83527021 0.8824969  0.92311635 0.95599748 0.98019867 0.99501248
  1.         0.99501248 0.98019867]
 [0.78270454 0.83527021 0.8824969  0.92311635 0.95599748 0.98019867
  0.99501248 1.         0.99501248]
 [0.72614904 0.78270454 0.83527021 0.8824969  0.92311635 0.95599748
  0.98019867 0.99501248 1.        ]]
2025-01-22 12:48:32,129 - INFO - Dang tinh toan ma tran Laplace...
2025-01-22 12:48:32,677 - INFO - Dang tinh vector rieng...
2025-01-22 12:48:37,092 - INFO - Dang phan vung do thi...
2025-01-22 12:48:37,095 - INFO - Mau cua vector rieng (9 hang dau):
[[ 0.00107995 -0.00075352]
 [ 0.00107995 -0.00075352]
 [ 0.00107995 -0.00075352]
 [ 0.00107995 -0.00075351]
 [ 0.00107995 -0.00075351]
 [ 0.00107995 -0.00075351]
 [ 0.00107995 -0.00075351]
 [ 0.00107995 -0.00075351]
 [ 0.00107995 -0.00075351]]
2025-01-22 12:48:37,100 - INFO - Nhan gan cho 27 pixel dau tien: [1 1 1 1 1 1 1 1 1 1 1 1 1 1 1 1 1 1 1 1 1 1 1 1 1 1 1]
2025-01-22 12:48:37,102 - INFO - Dang hien thi ket qua...
2025-01-22 12:48:37,102 - INFO - Thoi gian: 5.824672222137451 giay
2025-01-22 12:48:38,600 - INFO - Dang tinh toan ma tran trong so...
2025-01-22 12:48:38,600 - INFO - Kich thuoc anh: 59x60x3
2025-01-22 12:48:38,601 - INFO - Kich thuoc dac trung mau: (3540, 3), Kich thuoc toa do: (3540, 2)
2025-01-22 12:48:38,601 - INFO - Dac trung mau (9 phan tu dau):
[[1. 1. 1.]
 [1. 1. 1.]
 [1. 1. 1.]
 [1. 1. 1.]
 [1. 1. 1.]
 [1. 1. 1.]
 [1. 1. 1.]
 [1. 1. 1.]
 [1. 1. 1.]]
2025-01-22 12:48:38,602 - INFO - Toa do (9 phan tu dau):
[[0 0]
 [1 0]
 [2 0]
 [3 0]
 [4 0]
 [5 0]
 [6 0]
 [7 0]
 [8 0]]
2025-01-22 12:48:39,446 - INFO - Manh cua W (9x9 phan tu dau):
[[1.         0.99501248 0.98019867 0.95599748 0.92311635 0.8824969
  0.83527021 0.78270454 0.72614904]
 [0.99501248 1.         0.99501248 0.98019867 0.95599748 0.92311635
  0.8824969  0.83527021 0.78270454]
 [0.98019867 0.99501248 1.         0.99501248 0.98019867 0.95599748
  0.92311635 0.8824969  0.83527021]
 [0.95599748 0.98019867 0.99501248 1.         0.99501248 0.98019867
  0.95599748 0.92311635 0.8824969 ]
 [0.92311635 0.95599748 0.98019867 0.99501248 1.         0.99501248
  0.98019867 0.95599748 0.92311635]
 [0.8824969  0.92311635 0.95599748 0.98019867 0.99501248 1.
  0.99501248 0.98019867 0.95599748]
 [0.83527021 0.8824969  0.92311635 0.95599748 0.98019867 0.99501248
  1.         0.99501248 0.98019867]
 [0.78270454 0.83527021 0.8824969  0.92311635 0.95599748 0.98019867
  0.99501248 1.         0.99501248]
 [0.72614904 0.78270454 0.83527021 0.8824969  0.92311635 0.95599748
  0.98019867 0.99501248 1.        ]]
2025-01-22 12:48:39,446 - INFO - Dang tinh toan ma tran Laplace...
2025-01-22 12:48:40,219 - INFO - Dang tinh vector rieng...
2025-01-22 12:48:44,625 - INFO - Dang phan vung do thi...
2025-01-22 12:48:44,627 - INFO - Mau cua vector rieng (9 hang dau):
[[-0.00107995 -0.00075352]
 [-0.00107995 -0.00075352]
 [-0.00107995 -0.00075352]
 [-0.00107995 -0.00075351]
 [-0.00107995 -0.00075351]
 [-0.00107995 -0.00075351]
 [-0.00107995 -0.00075351]
 [-0.00107995 -0.00075351]
 [-0.00107995 -0.00075351]]
2025-01-22 12:48:44,633 - INFO - Nhan gan cho 27 pixel dau tien: [1 1 1 1 1 1 1 1 1 1 1 1 1 1 1 1 1 1 1 1 1 1 1 1 1 1 1]
2025-01-22 12:48:44,633 - INFO - Dang hien thi ket qua...
2025-01-22 12:48:44,633 - INFO - Thoi gian: 6.057262897491455 giay
2025-01-22 12:48:45,933 - INFO - Dang tinh toan ma tran trong so...
2025-01-22 12:48:45,934 - INFO - Kich thuoc anh: 59x60x3
2025-01-22 12:48:45,935 - INFO - Kich thuoc dac trung mau: (3540, 3), Kich thuoc toa do: (3540, 2)
2025-01-22 12:48:45,936 - INFO - Dac trung mau (9 phan tu dau):
[[1. 1. 1.]
 [1. 1. 1.]
 [1. 1. 1.]
 [1. 1. 1.]
 [1. 1. 1.]
 [1. 1. 1.]
 [1. 1. 1.]
 [1. 1. 1.]
 [1. 1. 1.]]
2025-01-22 12:48:45,938 - INFO - Toa do (9 phan tu dau):
[[0 0]
 [1 0]
 [2 0]
 [3 0]
 [4 0]
 [5 0]
 [6 0]
 [7 0]
 [8 0]]
2025-01-22 12:48:46,702 - INFO - Manh cua W (9x9 phan tu dau):
[[1.         0.99501248 0.98019867 0.95599748 0.92311635 0.8824969
  0.83527021 0.78270454 0.72614904]
 [0.99501248 1.         0.99501248 0.98019867 0.95599748 0.92311635
  0.8824969  0.83527021 0.78270454]
 [0.98019867 0.99501248 1.         0.99501248 0.98019867 0.95599748
  0.92311635 0.8824969  0.83527021]
 [0.95599748 0.98019867 0.99501248 1.         0.99501248 0.98019867
  0.95599748 0.92311635 0.8824969 ]
 [0.92311635 0.95599748 0.98019867 0.99501248 1.         0.99501248
  0.98019867 0.95599748 0.92311635]
 [0.8824969  0.92311635 0.95599748 0.98019867 0.99501248 1.
  0.99501248 0.98019867 0.95599748]
 [0.83527021 0.8824969  0.92311635 0.95599748 0.98019867 0.99501248
  1.         0.99501248 0.98019867]
 [0.78270454 0.83527021 0.8824969  0.92311635 0.95599748 0.98019867
  0.99501248 1.         0.99501248]
 [0.72614904 0.78270454 0.83527021 0.8824969  0.92311635 0.95599748
  0.98019867 0.99501248 1.        ]]
2025-01-22 12:48:46,702 - INFO - Dang tinh toan ma tran Laplace...
2025-01-22 12:48:47,431 - INFO - Dang tinh vector rieng...
2025-01-22 12:48:51,714 - INFO - Dang phan vung do thi...
2025-01-22 12:48:51,716 - INFO - Mau cua vector rieng (9 hang dau):
[[0.00107995 0.00075352]
 [0.00107995 0.00075352]
 [0.00107995 0.00075352]
 [0.00107995 0.00075351]
 [0.00107995 0.00075351]
 [0.00107995 0.00075351]
 [0.00107995 0.00075351]
 [0.00107995 0.00075351]
 [0.00107995 0.00075351]]
2025-01-22 12:48:51,723 - INFO - Nhan gan cho 27 pixel dau tien: [1 1 1 1 1 1 1 1 1 1 1 1 1 1 1 1 1 1 1 1 1 1 1 1 1 1 1]
2025-01-22 12:48:51,723 - INFO - Dang hien thi ket qua...
2025-01-22 12:48:51,723 - INFO - Thoi gian: 5.819060564041138 giay
2025-01-22 12:48:53,164 - INFO - Dang tinh toan ma tran trong so...
2025-01-22 12:48:53,165 - INFO - Kich thuoc anh: 59x60x3
2025-01-22 12:48:53,166 - INFO - Kich thuoc dac trung mau: (3540, 3), Kich thuoc toa do: (3540, 2)
2025-01-22 12:48:53,166 - INFO - Dac trung mau (9 phan tu dau):
[[1. 1. 1.]
 [1. 1. 1.]
 [1. 1. 1.]
 [1. 1. 1.]
 [1. 1. 1.]
 [1. 1. 1.]
 [1. 1. 1.]
 [1. 1. 1.]
 [1. 1. 1.]]
2025-01-22 12:48:53,168 - INFO - Toa do (9 phan tu dau):
[[0 0]
 [1 0]
 [2 0]
 [3 0]
 [4 0]
 [5 0]
 [6 0]
 [7 0]
 [8 0]]
2025-01-22 12:48:53,902 - INFO - Manh cua W (9x9 phan tu dau):
[[1.         0.99501248 0.98019867 0.95599748 0.92311635 0.8824969
  0.83527021 0.78270454 0.72614904]
 [0.99501248 1.         0.99501248 0.98019867 0.95599748 0.92311635
  0.8824969  0.83527021 0.78270454]
 [0.98019867 0.99501248 1.         0.99501248 0.98019867 0.95599748
  0.92311635 0.8824969  0.83527021]
 [0.95599748 0.98019867 0.99501248 1.         0.99501248 0.98019867
  0.95599748 0.92311635 0.8824969 ]
 [0.92311635 0.95599748 0.98019867 0.99501248 1.         0.99501248
  0.98019867 0.95599748 0.92311635]
 [0.8824969  0.92311635 0.95599748 0.98019867 0.99501248 1.
  0.99501248 0.98019867 0.95599748]
 [0.83527021 0.8824969  0.92311635 0.95599748 0.98019867 0.99501248
  1.         0.99501248 0.98019867]
 [0.78270454 0.83527021 0.8824969  0.92311635 0.95599748 0.98019867
  0.99501248 1.         0.99501248]
 [0.72614904 0.78270454 0.83527021 0.8824969  0.92311635 0.95599748
  0.98019867 0.99501248 1.        ]]
2025-01-22 12:48:53,902 - INFO - Dang tinh toan ma tran Laplace...
2025-01-22 12:48:54,635 - INFO - Dang tinh vector rieng...
2025-01-22 12:49:00,326 - INFO - Dang phan vung do thi...
2025-01-22 12:49:00,327 - INFO - Mau cua vector rieng (9 hang dau):
[[-0.00107995  0.00075352]
 [-0.00107995  0.00075352]
 [-0.00107995  0.00075352]
 [-0.00107995  0.00075351]
 [-0.00107995  0.00075351]
 [-0.00107995  0.00075351]
 [-0.00107995  0.00075351]
 [-0.00107995  0.00075351]
 [-0.00107995  0.00075351]]
2025-01-22 12:49:00,335 - INFO - Nhan gan cho 27 pixel dau tien: [1 1 1 1 1 1 1 1 1 1 1 1 1 1 1 1 1 1 1 1 1 1 1 1 1 1 1]
2025-01-22 12:49:00,335 - INFO - Dang hien thi ket qua...
2025-01-22 12:49:00,336 - INFO - Thoi gian: 7.209652900695801 giay
2025-01-22 12:49:01,902 - INFO - Dang tinh toan ma tran trong so...
2025-01-22 12:49:01,902 - INFO - Kich thuoc anh: 59x60x3
2025-01-22 12:49:01,904 - INFO - Kich thuoc dac trung mau: (3540, 3), Kich thuoc toa do: (3540, 2)
2025-01-22 12:49:01,905 - INFO - Dac trung mau (9 phan tu dau):
[[1. 1. 1.]
 [1. 1. 1.]
 [1. 1. 1.]
 [1. 1. 1.]
 [1. 1. 1.]
 [1. 1. 1.]
 [1. 1. 1.]
 [1. 1. 1.]
 [1. 1. 1.]]
2025-01-22 12:49:01,906 - INFO - Toa do (9 phan tu dau):
[[0 0]
 [1 0]
 [2 0]
 [3 0]
 [4 0]
 [5 0]
 [6 0]
 [7 0]
 [8 0]]
2025-01-22 12:49:02,809 - INFO - Manh cua W (9x9 phan tu dau):
[[1.         0.99501248 0.98019867 0.95599748 0.92311635 0.8824969
  0.83527021 0.78270454 0.72614904]
 [0.99501248 1.         0.99501248 0.98019867 0.95599748 0.92311635
  0.8824969  0.83527021 0.78270454]
 [0.98019867 0.99501248 1.         0.99501248 0.98019867 0.95599748
  0.92311635 0.8824969  0.83527021]
 [0.95599748 0.98019867 0.99501248 1.         0.99501248 0.98019867
  0.95599748 0.92311635 0.8824969 ]
 [0.92311635 0.95599748 0.98019867 0.99501248 1.         0.99501248
  0.98019867 0.95599748 0.92311635]
 [0.8824969  0.92311635 0.95599748 0.98019867 0.99501248 1.
  0.99501248 0.98019867 0.95599748]
 [0.83527021 0.8824969  0.92311635 0.95599748 0.98019867 0.99501248
  1.         0.99501248 0.98019867]
 [0.78270454 0.83527021 0.8824969  0.92311635 0.95599748 0.98019867
  0.99501248 1.         0.99501248]
 [0.72614904 0.78270454 0.83527021 0.8824969  0.92311635 0.95599748
  0.98019867 0.99501248 1.        ]]
2025-01-22 12:49:02,809 - INFO - Dang tinh toan ma tran Laplace...
2025-01-22 12:49:03,467 - INFO - Dang tinh vector rieng...
2025-01-22 12:49:07,964 - INFO - Dang phan vung do thi...
2025-01-22 12:49:07,964 - INFO - Mau cua vector rieng (9 hang dau):
[[-0.00107995  0.00075352]
 [-0.00107995  0.00075352]
 [-0.00107995  0.00075352]
 [-0.00107995  0.00075351]
 [-0.00107995  0.00075351]
 [-0.00107995  0.00075351]
 [-0.00107995  0.00075351]
 [-0.00107995  0.00075351]
 [-0.00107995  0.00075351]]
2025-01-22 12:49:07,974 - INFO - Nhan gan cho 27 pixel dau tien: [1 1 1 1 1 1 1 1 1 1 1 1 1 1 1 1 1 1 1 1 1 1 1 1 1 1 1]
2025-01-22 12:49:07,974 - INFO - Dang hien thi ket qua...
2025-01-22 12:49:07,974 - INFO - Thoi gian: 6.10722804069519 giay
2025-01-22 12:49:09,612 - INFO - Dang tinh toan ma tran trong so...
2025-01-22 12:49:09,612 - INFO - Kich thuoc anh: 59x60x3
2025-01-22 12:49:09,614 - INFO - Kich thuoc dac trung mau: (3540, 3), Kich thuoc toa do: (3540, 2)
2025-01-22 12:49:09,614 - INFO - Dac trung mau (9 phan tu dau):
[[1. 1. 1.]
 [1. 1. 1.]
 [1. 1. 1.]
 [1. 1. 1.]
 [1. 1. 1.]
 [1. 1. 1.]
 [1. 1. 1.]
 [1. 1. 1.]
 [1. 1. 1.]]
2025-01-22 12:49:09,616 - INFO - Toa do (9 phan tu dau):
[[0 0]
 [1 0]
 [2 0]
 [3 0]
 [4 0]
 [5 0]
 [6 0]
 [7 0]
 [8 0]]
2025-01-22 12:49:10,383 - INFO - Manh cua W (9x9 phan tu dau):
[[1.         0.99501248 0.98019867 0.95599748 0.92311635 0.8824969
  0.83527021 0.78270454 0.72614904]
 [0.99501248 1.         0.99501248 0.98019867 0.95599748 0.92311635
  0.8824969  0.83527021 0.78270454]
 [0.98019867 0.99501248 1.         0.99501248 0.98019867 0.95599748
  0.92311635 0.8824969  0.83527021]
 [0.95599748 0.98019867 0.99501248 1.         0.99501248 0.98019867
  0.95599748 0.92311635 0.8824969 ]
 [0.92311635 0.95599748 0.98019867 0.99501248 1.         0.99501248
  0.98019867 0.95599748 0.92311635]
 [0.8824969  0.92311635 0.95599748 0.98019867 0.99501248 1.
  0.99501248 0.98019867 0.95599748]
 [0.83527021 0.8824969  0.92311635 0.95599748 0.98019867 0.99501248
  1.         0.99501248 0.98019867]
 [0.78270454 0.83527021 0.8824969  0.92311635 0.95599748 0.98019867
  0.99501248 1.         0.99501248]
 [0.72614904 0.78270454 0.83527021 0.8824969  0.92311635 0.95599748
  0.98019867 0.99501248 1.        ]]
2025-01-22 12:49:10,383 - INFO - Dang tinh toan ma tran Laplace...
2025-01-22 12:49:11,065 - INFO - Dang tinh vector rieng...
2025-01-22 12:49:15,757 - INFO - Dang phan vung do thi...
2025-01-22 12:49:15,758 - INFO - Mau cua vector rieng (9 hang dau):
[[0.00107995 0.00075352]
 [0.00107995 0.00075352]
 [0.00107995 0.00075352]
 [0.00107995 0.00075351]
 [0.00107995 0.00075351]
 [0.00107995 0.00075351]
 [0.00107995 0.00075351]
 [0.00107995 0.00075351]
 [0.00107995 0.00075351]]
2025-01-22 12:49:15,765 - INFO - Nhan gan cho 27 pixel dau tien: [1 1 1 1 1 1 1 1 1 1 1 1 1 1 1 1 1 1 1 1 1 1 1 1 1 1 1]
2025-01-22 12:49:15,766 - INFO - Dang hien thi ket qua...
2025-01-22 12:49:15,766 - INFO - Thoi gian: 6.184382915496826 giay
2025-01-22 12:49:17,171 - INFO - Dang tinh toan ma tran trong so...
2025-01-22 12:49:17,172 - INFO - Kich thuoc anh: 59x60x3
2025-01-22 12:49:17,172 - INFO - Kich thuoc dac trung mau: (3540, 3), Kich thuoc toa do: (3540, 2)
2025-01-22 12:49:17,173 - INFO - Dac trung mau (9 phan tu dau):
[[1. 1. 1.]
 [1. 1. 1.]
 [1. 1. 1.]
 [1. 1. 1.]
 [1. 1. 1.]
 [1. 1. 1.]
 [1. 1. 1.]
 [1. 1. 1.]
 [1. 1. 1.]]
2025-01-22 12:49:17,175 - INFO - Toa do (9 phan tu dau):
[[0 0]
 [1 0]
 [2 0]
 [3 0]
 [4 0]
 [5 0]
 [6 0]
 [7 0]
 [8 0]]
2025-01-22 12:49:17,952 - INFO - Manh cua W (9x9 phan tu dau):
[[1.         0.99501248 0.98019867 0.95599748 0.92311635 0.8824969
  0.83527021 0.78270454 0.72614904]
 [0.99501248 1.         0.99501248 0.98019867 0.95599748 0.92311635
  0.8824969  0.83527021 0.78270454]
 [0.98019867 0.99501248 1.         0.99501248 0.98019867 0.95599748
  0.92311635 0.8824969  0.83527021]
 [0.95599748 0.98019867 0.99501248 1.         0.99501248 0.98019867
  0.95599748 0.92311635 0.8824969 ]
 [0.92311635 0.95599748 0.98019867 0.99501248 1.         0.99501248
  0.98019867 0.95599748 0.92311635]
 [0.8824969  0.92311635 0.95599748 0.98019867 0.99501248 1.
  0.99501248 0.98019867 0.95599748]
 [0.83527021 0.8824969  0.92311635 0.95599748 0.98019867 0.99501248
  1.         0.99501248 0.98019867]
 [0.78270454 0.83527021 0.8824969  0.92311635 0.95599748 0.98019867
  0.99501248 1.         0.99501248]
 [0.72614904 0.78270454 0.83527021 0.8824969  0.92311635 0.95599748
  0.98019867 0.99501248 1.        ]]
2025-01-22 12:49:17,954 - INFO - Dang tinh toan ma tran Laplace...
2025-01-22 12:49:18,650 - INFO - Dang tinh vector rieng...
2025-01-22 12:49:24,350 - INFO - Dang phan vung do thi...
2025-01-22 12:49:24,352 - INFO - Mau cua vector rieng (9 hang dau):
[[-0.00107995  0.00075352]
 [-0.00107995  0.00075352]
 [-0.00107995  0.00075352]
 [-0.00107995  0.00075351]
 [-0.00107995  0.00075351]
 [-0.00107995  0.00075351]
 [-0.00107995  0.00075351]
 [-0.00107995  0.00075351]
 [-0.00107995  0.00075351]]
2025-01-22 12:49:24,363 - INFO - Nhan gan cho 27 pixel dau tien: [1 1 1 1 1 1 1 1 1 1 1 1 1 1 1 1 1 1 1 1 1 1 1 1 1 1 1]
2025-01-22 12:49:24,366 - INFO - Dang hien thi ket qua...
2025-01-22 12:49:24,366 - INFO - Thoi gian: 7.2241294384002686 giay
2025-01-22 12:49:25,461 - INFO - Dang tinh toan ma tran trong so...
2025-01-22 12:49:25,462 - INFO - Kich thuoc anh: 59x60x3
2025-01-22 12:49:25,464 - INFO - Kich thuoc dac trung mau: (3540, 3), Kich thuoc toa do: (3540, 2)
2025-01-22 12:49:25,466 - INFO - Dac trung mau (9 phan tu dau):
[[1. 1. 1.]
 [1. 1. 1.]
 [1. 1. 1.]
 [1. 1. 1.]
 [1. 1. 1.]
 [1. 1. 1.]
 [1. 1. 1.]
 [1. 1. 1.]
 [1. 1. 1.]]
2025-01-22 12:49:25,468 - INFO - Toa do (9 phan tu dau):
[[0 0]
 [1 0]
 [2 0]
 [3 0]
 [4 0]
 [5 0]
 [6 0]
 [7 0]
 [8 0]]
2025-01-22 12:49:26,396 - INFO - Manh cua W (9x9 phan tu dau):
[[1.         0.99501248 0.98019867 0.95599748 0.92311635 0.8824969
  0.83527021 0.78270454 0.72614904]
 [0.99501248 1.         0.99501248 0.98019867 0.95599748 0.92311635
  0.8824969  0.83527021 0.78270454]
 [0.98019867 0.99501248 1.         0.99501248 0.98019867 0.95599748
  0.92311635 0.8824969  0.83527021]
 [0.95599748 0.98019867 0.99501248 1.         0.99501248 0.98019867
  0.95599748 0.92311635 0.8824969 ]
 [0.92311635 0.95599748 0.98019867 0.99501248 1.         0.99501248
  0.98019867 0.95599748 0.92311635]
 [0.8824969  0.92311635 0.95599748 0.98019867 0.99501248 1.
  0.99501248 0.98019867 0.95599748]
 [0.83527021 0.8824969  0.92311635 0.95599748 0.98019867 0.99501248
  1.         0.99501248 0.98019867]
 [0.78270454 0.83527021 0.8824969  0.92311635 0.95599748 0.98019867
  0.99501248 1.         0.99501248]
 [0.72614904 0.78270454 0.83527021 0.8824969  0.92311635 0.95599748
  0.98019867 0.99501248 1.        ]]
2025-01-22 12:49:26,397 - INFO - Dang tinh toan ma tran Laplace...
2025-01-22 12:49:27,069 - INFO - Dang tinh vector rieng...
2025-01-22 12:49:32,398 - INFO - Dang phan vung do thi...
2025-01-22 12:49:32,399 - INFO - Mau cua vector rieng (9 hang dau):
[[ 0.00107995 -0.00075352]
 [ 0.00107995 -0.00075352]
 [ 0.00107995 -0.00075352]
 [ 0.00107995 -0.00075351]
 [ 0.00107995 -0.00075351]
 [ 0.00107995 -0.00075351]
 [ 0.00107995 -0.00075351]
 [ 0.00107995 -0.00075351]
 [ 0.00107995 -0.00075351]]
2025-01-22 12:49:32,404 - INFO - Nhan gan cho 27 pixel dau tien: [1 1 1 1 1 1 1 1 1 1 1 1 1 1 1 1 1 1 1 1 1 1 1 1 1 1 1]
2025-01-22 12:49:32,405 - INFO - Dang hien thi ket qua...
2025-01-22 12:49:32,405 - INFO - Thoi gian: 6.973706007003784 giay
2025-01-22 12:49:33,665 - INFO - Dang tinh toan ma tran trong so...
2025-01-22 12:49:33,666 - INFO - Kich thuoc anh: 59x60x3
2025-01-22 12:49:33,668 - INFO - Kich thuoc dac trung mau: (3540, 3), Kich thuoc toa do: (3540, 2)
2025-01-22 12:49:33,669 - INFO - Dac trung mau (9 phan tu dau):
[[1. 1. 1.]
 [1. 1. 1.]
 [1. 1. 1.]
 [1. 1. 1.]
 [1. 1. 1.]
 [1. 1. 1.]
 [1. 1. 1.]
 [1. 1. 1.]
 [1. 1. 1.]]
2025-01-22 12:49:33,669 - INFO - Toa do (9 phan tu dau):
[[0 0]
 [1 0]
 [2 0]
 [3 0]
 [4 0]
 [5 0]
 [6 0]
 [7 0]
 [8 0]]
2025-01-22 12:49:34,616 - INFO - Manh cua W (9x9 phan tu dau):
[[1.         0.99501248 0.98019867 0.95599748 0.92311635 0.8824969
  0.83527021 0.78270454 0.72614904]
 [0.99501248 1.         0.99501248 0.98019867 0.95599748 0.92311635
  0.8824969  0.83527021 0.78270454]
 [0.98019867 0.99501248 1.         0.99501248 0.98019867 0.95599748
  0.92311635 0.8824969  0.83527021]
 [0.95599748 0.98019867 0.99501248 1.         0.99501248 0.98019867
  0.95599748 0.92311635 0.8824969 ]
 [0.92311635 0.95599748 0.98019867 0.99501248 1.         0.99501248
  0.98019867 0.95599748 0.92311635]
 [0.8824969  0.92311635 0.95599748 0.98019867 0.99501248 1.
  0.99501248 0.98019867 0.95599748]
 [0.83527021 0.8824969  0.92311635 0.95599748 0.98019867 0.99501248
  1.         0.99501248 0.98019867]
 [0.78270454 0.83527021 0.8824969  0.92311635 0.95599748 0.98019867
  0.99501248 1.         0.99501248]
 [0.72614904 0.78270454 0.83527021 0.8824969  0.92311635 0.95599748
  0.98019867 0.99501248 1.        ]]
2025-01-22 12:49:34,616 - INFO - Dang tinh toan ma tran Laplace...
2025-01-22 12:49:35,252 - INFO - Dang tinh vector rieng...
2025-01-22 12:49:39,851 - INFO - Dang phan vung do thi...
2025-01-22 12:49:39,852 - INFO - Mau cua vector rieng (9 hang dau):
[[-0.00107995 -0.00075352]
 [-0.00107995 -0.00075352]
 [-0.00107995 -0.00075352]
 [-0.00107995 -0.00075351]
 [-0.00107995 -0.00075351]
 [-0.00107995 -0.00075351]
 [-0.00107995 -0.00075351]
 [-0.00107995 -0.00075351]
 [-0.00107995 -0.00075351]]
2025-01-22 12:49:39,858 - INFO - Nhan gan cho 27 pixel dau tien: [1 1 1 1 1 1 1 1 1 1 1 1 1 1 1 1 1 1 1 1 1 1 1 1 1 1 1]
2025-01-22 12:49:39,859 - INFO - Dang hien thi ket qua...
2025-01-22 12:49:39,859 - INFO - Thoi gian: 6.222497463226318 giay
