2025-01-22 13:01:42,788 - INFO - Dang tinh toan ma tran trong so...
2025-01-22 13:01:42,793 - INFO - Kich thuoc anh: 59x60x3
2025-01-22 13:01:42,793 - INFO - Kich thuoc dac trung mau: (3540, 3), Kich thuoc toa do: (3540, 2)
2025-01-22 13:01:42,794 - INFO - Dac trung mau:
[[1. 1. 1.]
 [1. 1. 1.]
 [1. 1. 1.]
 [1. 1. 1.]
 [1. 1. 1.]
 [1. 1. 1.]
 [1. 1. 1.]
 [1. 1. 1.]
 [1. 1. 1.]]
2025-01-22 13:01:42,794 - INFO - Toa do:
[[0 0]
 [1 0]
 [2 0]
 [3 0]
 [4 0]
 [5 0]
 [6 0]
 [7 0]
 [8 0]]
2025-01-22 13:01:43,457 - INFO - Kich thuoc ma tran trong so (W): (3540, 3540)
2025-01-22 13:01:43,457 - INFO - Kich thuoc ma tran thua (W_sparse): (3540, 3540)
2025-01-22 13:01:43,457 - INFO - So luong phan tu khac 0: 12531600
2025-01-22 13:01:43,459 - INFO - Mau cua W_features (9x9 phan tu dau):
[[1. 1. 1. 1. 1. 1. 1. 1. 1.]
 [1. 1. 1. 1. 1. 1. 1. 1. 1.]
 [1. 1. 1. 1. 1. 1. 1. 1. 1.]
 [1. 1. 1. 1. 1. 1. 1. 1. 1.]
 [1. 1. 1. 1. 1. 1. 1. 1. 1.]
 [1. 1. 1. 1. 1. 1. 1. 1. 1.]
 [1. 1. 1. 1. 1. 1. 1. 1. 1.]
 [1. 1. 1. 1. 1. 1. 1. 1. 1.]
 [1. 1. 1. 1. 1. 1. 1. 1. 1.]]
2025-01-22 13:01:43,460 - INFO - Mau cua W_coords (9x9 phan tu dau):
[[1.         0.99501248 0.98019867 0.95599748 0.92311635 0.8824969
  0.83527021 0.78270454 0.72614904]
 [0.99501248 1.         0.99501248 0.98019867 0.95599748 0.92311635
  0.8824969  0.83527021 0.78270454]
 [0.98019867 0.99501248 1.         0.99501248 0.98019867 0.95599748
  0.92311635 0.8824969  0.83527021]
 [0.95599748 0.98019867 0.99501248 1.         0.99501248 0.98019867
  0.95599748 0.92311635 0.8824969 ]
 [0.92311635 0.95599748 0.98019867 0.99501248 1.         0.99501248
  0.98019867 0.95599748 0.92311635]
 [0.8824969  0.92311635 0.95599748 0.98019867 0.99501248 1.
  0.99501248 0.98019867 0.95599748]
 [0.83527021 0.8824969  0.92311635 0.95599748 0.98019867 0.99501248
  1.         0.99501248 0.98019867]
 [0.78270454 0.83527021 0.8824969  0.92311635 0.95599748 0.98019867
  0.99501248 1.         0.99501248]
 [0.72614904 0.78270454 0.83527021 0.8824969  0.92311635 0.95599748
  0.98019867 0.99501248 1.        ]]
2025-01-22 13:01:43,460 - INFO - Mau cua W (9x9 phan tu dau):
[[1.         0.99501248 0.98019867 0.95599748 0.92311635 0.8824969
  0.83527021 0.78270454 0.72614904]
 [0.99501248 1.         0.99501248 0.98019867 0.95599748 0.92311635
  0.8824969  0.83527021 0.78270454]
 [0.98019867 0.99501248 1.         0.99501248 0.98019867 0.95599748
  0.92311635 0.8824969  0.83527021]
 [0.95599748 0.98019867 0.99501248 1.         0.99501248 0.98019867
  0.95599748 0.92311635 0.8824969 ]
 [0.92311635 0.95599748 0.98019867 0.99501248 1.         0.99501248
  0.98019867 0.95599748 0.92311635]
 [0.8824969  0.92311635 0.95599748 0.98019867 0.99501248 1.
  0.99501248 0.98019867 0.95599748]
 [0.83527021 0.8824969  0.92311635 0.95599748 0.98019867 0.99501248
  1.         0.99501248 0.98019867]
 [0.78270454 0.83527021 0.8824969  0.92311635 0.95599748 0.98019867
  0.99501248 1.         0.99501248]
 [0.72614904 0.78270454 0.83527021 0.8824969  0.92311635 0.95599748
  0.98019867 0.99501248 1.        ]]
2025-01-22 13:01:43,460 - INFO - Dang tinh toan ma tran Laplace...
2025-01-22 13:01:44,497 - INFO - Kich thuoc ma tran duong cheo (D): (3540, 3540)
2025-01-22 13:01:44,498 - INFO - Mau cua D (9 phan tu dau):
[163.13126415 175.79777432 188.31179917 200.55355293 212.41060097
 223.78066425 234.57388706 244.71447619 254.14166125]
2025-01-22 13:01:44,498 - INFO - Kich thuoc ma tran Laplace (L): (3540, 3540)
2025-01-22 13:01:44,498 - INFO - Mau cua L (9x9 phan tu dau):
[[162.13126415  -0.99501248  -0.98019867  -0.95599748  -0.92311635
   -0.8824969   -0.83527021  -0.78270454  -0.72614904]
 [ -0.99501248 174.79777432  -0.99501248  -0.98019867  -0.95599748
   -0.92311635  -0.8824969   -0.83527021  -0.78270454]
 [ -0.98019867  -0.99501248 187.31179917  -0.99501248  -0.98019867
   -0.95599748  -0.92311635  -0.8824969   -0.83527021]
 [ -0.95599748  -0.98019867  -0.99501248 199.55355293  -0.99501248
   -0.98019867  -0.95599748  -0.92311635  -0.8824969 ]
 [ -0.92311635  -0.95599748  -0.98019867  -0.99501248 211.41060097
   -0.99501248  -0.98019867  -0.95599748  -0.92311635]
 [ -0.8824969   -0.92311635  -0.95599748  -0.98019867  -0.99501248
  222.78066425  -0.99501248  -0.98019867  -0.95599748]
 [ -0.83527021  -0.8824969   -0.92311635  -0.95599748  -0.98019867
   -0.99501248 233.57388706  -0.99501248  -0.98019867]
 [ -0.78270454  -0.83527021  -0.8824969   -0.92311635  -0.95599748
   -0.98019867  -0.99501248 243.71447619  -0.99501248]
 [ -0.72614904  -0.78270454  -0.83527021  -0.8824969   -0.92311635
   -0.95599748  -0.98019867  -0.99501248 253.14166125]]
2025-01-22 13:01:44,500 - INFO - Dang tinh vector rieng...
