2025-01-22 13:33:18,442 - INFO - Dang tinh toan ma tran trong so...
2025-01-22 13:33:18,442 - INFO - Kich thuoc anh: 59x60x3
2025-01-22 13:33:20,007 - INFO - Kich thuoc dac trung mau: (3540, 3), Kich thuoc toa do: (3540, 2)
2025-01-22 13:33:20,007 - INFO - Dac trung mau (9 phan tu dau):
[[1. 1. 1.]
 [1. 1. 1.]
 [1. 1. 1.]
 [1. 1. 1.]
 [1. 1. 1.]
 [1. 1. 1.]
 [1. 1. 1.]
 [1. 1. 1.]
 [1. 1. 1.]]
2025-01-22 13:33:20,007 - INFO - Toa do (9 phan tu dau):
[[0 0]
 [1 0]
 [2 0]
 [3 0]
 [4 0]
 [5 0]
 [6 0]
 [7 0]
 [8 0]]
2025-01-22 13:33:20,607 - INFO - Manh cua W (9x9 phan tu dau):
[[1.         0.99501248 0.98019867 0.95599748 0.92311635 0.8824969
  0.83527021 0.78270454 0.72614904]
 [0.99501248 1.         0.99501248 0.98019867 0.95599748 0.92311635
  0.8824969  0.83527021 0.78270454]
 [0.98019867 0.99501248 1.         0.99501248 0.98019867 0.95599748
  0.92311635 0.8824969  0.83527021]
 [0.95599748 0.98019867 0.99501248 1.         0.99501248 0.98019867
  0.95599748 0.92311635 0.8824969 ]
 [0.92311635 0.95599748 0.98019867 0.99501248 1.         0.99501248
  0.98019867 0.95599748 0.92311635]
 [0.8824969  0.92311635 0.95599748 0.98019867 0.99501248 1.
  0.99501248 0.98019867 0.95599748]
 [0.83527021 0.8824969  0.92311635 0.95599748 0.98019867 0.99501248
  1.         0.99501248 0.98019867]
 [0.78270454 0.83527021 0.8824969  0.92311635 0.95599748 0.98019867
  0.99501248 1.         0.99501248]
 [0.72614904 0.78270454 0.83527021 0.8824969  0.92311635 0.95599748
  0.98019867 0.99501248 1.        ]]
2025-01-22 13:33:20,607 - INFO - Dang tinh toan ma tran Laplace...
2025-01-22 13:33:20,644 - INFO - Dang tinh vector rieng...
2025-01-22 13:33:22,667 - INFO - Dang phan vung do thi...
2025-01-22 13:33:22,667 - INFO - Mau cua vector rieng (9 hang dau):
[[-0.01680732  0.01421284 -0.00226391]
 [-0.01680732  0.01421278 -0.00226383]
 [-0.01680732  0.01421273 -0.00226374]
 [-0.01680732  0.01421268 -0.00226367]
 [-0.01680732  0.01421264 -0.0022636 ]
 [-0.01680732  0.0142126  -0.00226353]
 [-0.01680732  0.01421256 -0.00226346]
 [-0.01680732  0.01421252 -0.00226339]
 [-0.01680732  0.01421248 -0.00226332]]
2025-01-22 13:33:22,937 - INFO - Nhan gan cho 27 pixel dau tien: [1 1 1 1 1 1 1 1 1 1 1 1 1 1 1 1 1 1 1 1 1 1 1 1 1 1 1]
2025-01-22 13:33:22,937 - INFO - Dang hien thi ket qua...
2025-01-22 13:33:22,937 - INFO - Thoi gian: 4.510254144668579 giay
2025-01-22 13:33:25,617 - INFO - Dang tinh toan ma tran trong so...
2025-01-22 13:33:25,617 - INFO - Kich thuoc anh: 59x60x3
2025-01-22 13:33:25,617 - INFO - Kich thuoc dac trung mau: (3540, 3), Kich thuoc toa do: (3540, 2)
2025-01-22 13:33:25,626 - INFO - Dac trung mau (9 phan tu dau):
[[1. 1. 1.]
 [1. 1. 1.]
 [1. 1. 1.]
 [1. 1. 1.]
 [1. 1. 1.]
 [1. 1. 1.]
 [1. 1. 1.]
 [1. 1. 1.]
 [1. 1. 1.]]
2025-01-22 13:33:25,627 - INFO - Toa do (9 phan tu dau):
[[0 0]
 [1 0]
 [2 0]
 [3 0]
 [4 0]
 [5 0]
 [6 0]
 [7 0]
 [8 0]]
2025-01-22 13:33:26,252 - INFO - Manh cua W (9x9 phan tu dau):
[[1.         0.99501248 0.98019867 0.95599748 0.92311635 0.8824969
  0.83527021 0.78270454 0.72614904]
 [0.99501248 1.         0.99501248 0.98019867 0.95599748 0.92311635
  0.8824969  0.83527021 0.78270454]
 [0.98019867 0.99501248 1.         0.99501248 0.98019867 0.95599748
  0.92311635 0.8824969  0.83527021]
 [0.95599748 0.98019867 0.99501248 1.         0.99501248 0.98019867
  0.95599748 0.92311635 0.8824969 ]
 [0.92311635 0.95599748 0.98019867 0.99501248 1.         0.99501248
  0.98019867 0.95599748 0.92311635]
 [0.8824969  0.92311635 0.95599748 0.98019867 0.99501248 1.
  0.99501248 0.98019867 0.95599748]
 [0.83527021 0.8824969  0.92311635 0.95599748 0.98019867 0.99501248
  1.         0.99501248 0.98019867]
 [0.78270454 0.83527021 0.8824969  0.92311635 0.95599748 0.98019867
  0.99501248 1.         0.99501248]
 [0.72614904 0.78270454 0.83527021 0.8824969  0.92311635 0.95599748
  0.98019867 0.99501248 1.        ]]
2025-01-22 13:33:26,252 - INFO - Dang tinh toan ma tran Laplace...
2025-01-22 13:33:26,282 - INFO - Dang tinh vector rieng...
2025-01-22 13:33:27,453 - INFO - Dang phan vung do thi...
2025-01-22 13:33:27,453 - INFO - Mau cua vector rieng (9 hang dau):
[[-0.01680732 -0.01421284  0.00226391]
 [-0.01680732 -0.01421278  0.00226383]
 [-0.01680732 -0.01421273  0.00226374]
 [-0.01680732 -0.01421268  0.00226367]
 [-0.01680732 -0.01421264  0.0022636 ]
 [-0.01680732 -0.0142126   0.00226353]
 [-0.01680732 -0.01421256  0.00226346]
 [-0.01680732 -0.01421252  0.00226339]
 [-0.01680732 -0.01421248  0.00226332]]
2025-01-22 13:33:27,461 - INFO - Nhan gan cho 27 pixel dau tien: [1 1 1 1 1 1 1 1 1 1 1 1 1 1 1 1 1 1 1 1 1 1 1 1 1 1 1]
2025-01-22 13:33:27,461 - INFO - Dang hien thi ket qua...
2025-01-22 13:33:27,461 - INFO - Thoi gian: 1.844050407409668 giay
2025-01-22 13:33:29,039 - INFO - Dang tinh toan ma tran trong so...
2025-01-22 13:33:29,039 - INFO - Kich thuoc anh: 59x60x3
2025-01-22 13:33:29,039 - INFO - Kich thuoc dac trung mau: (3540, 3), Kich thuoc toa do: (3540, 2)
2025-01-22 13:33:29,042 - INFO - Dac trung mau (9 phan tu dau):
[[1. 1. 1.]
 [1. 1. 1.]
 [1. 1. 1.]
 [1. 1. 1.]
 [1. 1. 1.]
 [1. 1. 1.]
 [1. 1. 1.]
 [1. 1. 1.]
 [1. 1. 1.]]
2025-01-22 13:33:29,042 - INFO - Toa do (9 phan tu dau):
[[0 0]
 [1 0]
 [2 0]
 [3 0]
 [4 0]
 [5 0]
 [6 0]
 [7 0]
 [8 0]]
2025-01-22 13:33:29,717 - INFO - Manh cua W (9x9 phan tu dau):
[[1.         0.99501248 0.98019867 0.95599748 0.92311635 0.8824969
  0.83527021 0.78270454 0.72614904]
 [0.99501248 1.         0.99501248 0.98019867 0.95599748 0.92311635
  0.8824969  0.83527021 0.78270454]
 [0.98019867 0.99501248 1.         0.99501248 0.98019867 0.95599748
  0.92311635 0.8824969  0.83527021]
 [0.95599748 0.98019867 0.99501248 1.         0.99501248 0.98019867
  0.95599748 0.92311635 0.8824969 ]
 [0.92311635 0.95599748 0.98019867 0.99501248 1.         0.99501248
  0.98019867 0.95599748 0.92311635]
 [0.8824969  0.92311635 0.95599748 0.98019867 0.99501248 1.
  0.99501248 0.98019867 0.95599748]
 [0.83527021 0.8824969  0.92311635 0.95599748 0.98019867 0.99501248
  1.         0.99501248 0.98019867]
 [0.78270454 0.83527021 0.8824969  0.92311635 0.95599748 0.98019867
  0.99501248 1.         0.99501248]
 [0.72614904 0.78270454 0.83527021 0.8824969  0.92311635 0.95599748
  0.98019867 0.99501248 1.        ]]
2025-01-22 13:33:29,717 - INFO - Dang tinh toan ma tran Laplace...
2025-01-22 13:33:29,747 - INFO - Dang tinh vector rieng...
2025-01-22 13:33:30,817 - INFO - Dang phan vung do thi...
2025-01-22 13:33:30,817 - INFO - Mau cua vector rieng (9 hang dau):
[[-0.01680732  0.01421284  0.00226391]
 [-0.01680732  0.01421278  0.00226383]
 [-0.01680732  0.01421273  0.00226374]
 [-0.01680732  0.01421268  0.00226367]
 [-0.01680732  0.01421264  0.0022636 ]
 [-0.01680732  0.0142126   0.00226353]
 [-0.01680732  0.01421256  0.00226346]
 [-0.01680732  0.01421252  0.00226339]
 [-0.01680732  0.01421248  0.00226332]]
2025-01-22 13:33:30,826 - INFO - Nhan gan cho 27 pixel dau tien: [1 1 1 1 1 1 1 1 1 1 1 1 1 1 1 1 1 1 1 1 1 1 1 1 1 1 1]
2025-01-22 13:33:30,826 - INFO - Dang hien thi ket qua...
2025-01-22 13:33:30,827 - INFO - Thoi gian: 1.7902491092681885 giay
2025-01-22 13:33:32,055 - INFO - Dang tinh toan ma tran trong so...
2025-01-22 13:33:32,055 - INFO - Kich thuoc anh: 59x60x3
2025-01-22 13:33:32,057 - INFO - Kich thuoc dac trung mau: (3540, 3), Kich thuoc toa do: (3540, 2)
2025-01-22 13:33:32,057 - INFO - Dac trung mau (9 phan tu dau):
[[1. 1. 1.]
 [1. 1. 1.]
 [1. 1. 1.]
 [1. 1. 1.]
 [1. 1. 1.]
 [1. 1. 1.]
 [1. 1. 1.]
 [1. 1. 1.]
 [1. 1. 1.]]
2025-01-22 13:33:32,057 - INFO - Toa do (9 phan tu dau):
[[0 0]
 [1 0]
 [2 0]
 [3 0]
 [4 0]
 [5 0]
 [6 0]
 [7 0]
 [8 0]]
2025-01-22 13:33:32,687 - INFO - Manh cua W (9x9 phan tu dau):
[[1.         0.99501248 0.98019867 0.95599748 0.92311635 0.8824969
  0.83527021 0.78270454 0.72614904]
 [0.99501248 1.         0.99501248 0.98019867 0.95599748 0.92311635
  0.8824969  0.83527021 0.78270454]
 [0.98019867 0.99501248 1.         0.99501248 0.98019867 0.95599748
  0.92311635 0.8824969  0.83527021]
 [0.95599748 0.98019867 0.99501248 1.         0.99501248 0.98019867
  0.95599748 0.92311635 0.8824969 ]
 [0.92311635 0.95599748 0.98019867 0.99501248 1.         0.99501248
  0.98019867 0.95599748 0.92311635]
 [0.8824969  0.92311635 0.95599748 0.98019867 0.99501248 1.
  0.99501248 0.98019867 0.95599748]
 [0.83527021 0.8824969  0.92311635 0.95599748 0.98019867 0.99501248
  1.         0.99501248 0.98019867]
 [0.78270454 0.83527021 0.8824969  0.92311635 0.95599748 0.98019867
  0.99501248 1.         0.99501248]
 [0.72614904 0.78270454 0.83527021 0.8824969  0.92311635 0.95599748
  0.98019867 0.99501248 1.        ]]
2025-01-22 13:33:32,697 - INFO - Dang tinh toan ma tran Laplace...
2025-01-22 13:33:32,737 - INFO - Dang tinh vector rieng...
2025-01-22 13:33:33,817 - INFO - Dang phan vung do thi...
2025-01-22 13:33:33,817 - INFO - Mau cua vector rieng (9 hang dau):
[[-0.01680732 -0.01421284  0.00226391]
 [-0.01680732 -0.01421278  0.00226383]
 [-0.01680732 -0.01421273  0.00226374]
 [-0.01680732 -0.01421268  0.00226367]
 [-0.01680732 -0.01421264  0.0022636 ]
 [-0.01680732 -0.0142126   0.00226353]
 [-0.01680732 -0.01421256  0.00226346]
 [-0.01680732 -0.01421252  0.00226339]
 [-0.01680732 -0.01421248  0.00226332]]
2025-01-22 13:33:33,817 - INFO - Nhan gan cho 27 pixel dau tien: [1 1 1 1 1 1 1 1 1 1 1 1 1 1 1 1 1 1 1 1 1 1 1 1 1 1 1]
2025-01-22 13:33:33,817 - INFO - Dang hien thi ket qua...
2025-01-22 13:33:33,817 - INFO - Thoi gian: 1.7648489475250244 giay
2025-01-22 13:33:34,862 - INFO - Dang tinh toan ma tran trong so...
2025-01-22 13:33:34,863 - INFO - Kich thuoc anh: 59x60x3
2025-01-22 13:33:34,866 - INFO - Kich thuoc dac trung mau: (3540, 3), Kich thuoc toa do: (3540, 2)
2025-01-22 13:33:34,867 - INFO - Dac trung mau (9 phan tu dau):
[[1. 1. 1.]
 [1. 1. 1.]
 [1. 1. 1.]
 [1. 1. 1.]
 [1. 1. 1.]
 [1. 1. 1.]
 [1. 1. 1.]
 [1. 1. 1.]
 [1. 1. 1.]]
2025-01-22 13:33:34,868 - INFO - Toa do (9 phan tu dau):
[[0 0]
 [1 0]
 [2 0]
 [3 0]
 [4 0]
 [5 0]
 [6 0]
 [7 0]
 [8 0]]
2025-01-22 13:33:35,411 - INFO - Manh cua W (9x9 phan tu dau):
[[1.         0.99501248 0.98019867 0.95599748 0.92311635 0.8824969
  0.83527021 0.78270454 0.72614904]
 [0.99501248 1.         0.99501248 0.98019867 0.95599748 0.92311635
  0.8824969  0.83527021 0.78270454]
 [0.98019867 0.99501248 1.         0.99501248 0.98019867 0.95599748
  0.92311635 0.8824969  0.83527021]
 [0.95599748 0.98019867 0.99501248 1.         0.99501248 0.98019867
  0.95599748 0.92311635 0.8824969 ]
 [0.92311635 0.95599748 0.98019867 0.99501248 1.         0.99501248
  0.98019867 0.95599748 0.92311635]
 [0.8824969  0.92311635 0.95599748 0.98019867 0.99501248 1.
  0.99501248 0.98019867 0.95599748]
 [0.83527021 0.8824969  0.92311635 0.95599748 0.98019867 0.99501248
  1.         0.99501248 0.98019867]
 [0.78270454 0.83527021 0.8824969  0.92311635 0.95599748 0.98019867
  0.99501248 1.         0.99501248]
 [0.72614904 0.78270454 0.83527021 0.8824969  0.92311635 0.95599748
  0.98019867 0.99501248 1.        ]]
2025-01-22 13:33:35,411 - INFO - Dang tinh toan ma tran Laplace...
2025-01-22 13:33:35,433 - INFO - Dang tinh vector rieng...
2025-01-22 13:33:36,571 - INFO - Dang phan vung do thi...
2025-01-22 13:33:36,571 - INFO - Mau cua vector rieng (9 hang dau):
[[-0.01680732 -0.01421284  0.00226391]
 [-0.01680732 -0.01421278  0.00226383]
 [-0.01680732 -0.01421273  0.00226374]
 [-0.01680732 -0.01421268  0.00226367]
 [-0.01680732 -0.01421264  0.0022636 ]
 [-0.01680732 -0.0142126   0.00226353]
 [-0.01680732 -0.01421256  0.00226346]
 [-0.01680732 -0.01421252  0.00226339]
 [-0.01680732 -0.01421248  0.00226332]]
2025-01-22 13:33:36,579 - INFO - Nhan gan cho 27 pixel dau tien: [1 1 1 1 1 1 1 1 1 1 1 1 1 1 1 1 1 1 1 1 1 1 1 1 1 1 1]
2025-01-22 13:33:36,579 - INFO - Dang hien thi ket qua...
2025-01-22 13:33:36,579 - INFO - Thoi gian: 1.7227094173431396 giay
2025-01-22 13:33:37,627 - INFO - Dang tinh toan ma tran trong so...
2025-01-22 13:33:37,627 - INFO - Kich thuoc anh: 59x60x3
2025-01-22 13:33:37,627 - INFO - Kich thuoc dac trung mau: (3540, 3), Kich thuoc toa do: (3540, 2)
2025-01-22 13:33:37,627 - INFO - Dac trung mau (9 phan tu dau):
[[1. 1. 1.]
 [1. 1. 1.]
 [1. 1. 1.]
 [1. 1. 1.]
 [1. 1. 1.]
 [1. 1. 1.]
 [1. 1. 1.]
 [1. 1. 1.]
 [1. 1. 1.]]
2025-01-22 13:33:37,627 - INFO - Toa do (9 phan tu dau):
[[0 0]
 [1 0]
 [2 0]
 [3 0]
 [4 0]
 [5 0]
 [6 0]
 [7 0]
 [8 0]]
2025-01-22 13:33:38,180 - INFO - Manh cua W (9x9 phan tu dau):
[[1.         0.99501248 0.98019867 0.95599748 0.92311635 0.8824969
  0.83527021 0.78270454 0.72614904]
 [0.99501248 1.         0.99501248 0.98019867 0.95599748 0.92311635
  0.8824969  0.83527021 0.78270454]
 [0.98019867 0.99501248 1.         0.99501248 0.98019867 0.95599748
  0.92311635 0.8824969  0.83527021]
 [0.95599748 0.98019867 0.99501248 1.         0.99501248 0.98019867
  0.95599748 0.92311635 0.8824969 ]
 [0.92311635 0.95599748 0.98019867 0.99501248 1.         0.99501248
  0.98019867 0.95599748 0.92311635]
 [0.8824969  0.92311635 0.95599748 0.98019867 0.99501248 1.
  0.99501248 0.98019867 0.95599748]
 [0.83527021 0.8824969  0.92311635 0.95599748 0.98019867 0.99501248
  1.         0.99501248 0.98019867]
 [0.78270454 0.83527021 0.8824969  0.92311635 0.95599748 0.98019867
  0.99501248 1.         0.99501248]
 [0.72614904 0.78270454 0.83527021 0.8824969  0.92311635 0.95599748
  0.98019867 0.99501248 1.        ]]
2025-01-22 13:33:38,180 - INFO - Dang tinh toan ma tran Laplace...
2025-01-22 13:33:38,206 - INFO - Dang tinh vector rieng...
2025-01-22 13:33:39,268 - INFO - Dang phan vung do thi...
2025-01-22 13:33:39,268 - INFO - Mau cua vector rieng (9 hang dau):
[[-0.01680732 -0.01421284  0.00226391]
 [-0.01680732 -0.01421278  0.00226383]
 [-0.01680732 -0.01421273  0.00226374]
 [-0.01680732 -0.01421268  0.00226367]
 [-0.01680732 -0.01421264  0.0022636 ]
 [-0.01680732 -0.0142126   0.00226353]
 [-0.01680732 -0.01421256  0.00226346]
 [-0.01680732 -0.01421252  0.00226339]
 [-0.01680732 -0.01421248  0.00226332]]
2025-01-22 13:33:39,278 - INFO - Nhan gan cho 27 pixel dau tien: [1 1 1 1 1 1 1 1 1 1 1 1 1 1 1 1 1 1 1 1 1 1 1 1 1 1 1]
2025-01-22 13:33:39,278 - INFO - Dang hien thi ket qua...
2025-01-22 13:33:39,278 - INFO - Thoi gian: 1.6551883220672607 giay
2025-01-22 13:33:40,463 - INFO - Dang tinh toan ma tran trong so...
2025-01-22 13:33:40,463 - INFO - Kich thuoc anh: 59x60x3
2025-01-22 13:33:40,464 - INFO - Kich thuoc dac trung mau: (3540, 3), Kich thuoc toa do: (3540, 2)
2025-01-22 13:33:40,465 - INFO - Dac trung mau (9 phan tu dau):
[[1. 1. 1.]
 [1. 1. 1.]
 [1. 1. 1.]
 [1. 1. 1.]
 [1. 1. 1.]
 [1. 1. 1.]
 [1. 1. 1.]
 [1. 1. 1.]
 [1. 1. 1.]]
2025-01-22 13:33:40,467 - INFO - Toa do (9 phan tu dau):
[[0 0]
 [1 0]
 [2 0]
 [3 0]
 [4 0]
 [5 0]
 [6 0]
 [7 0]
 [8 0]]
2025-01-22 13:33:41,125 - INFO - Manh cua W (9x9 phan tu dau):
[[1.         0.99501248 0.98019867 0.95599748 0.92311635 0.8824969
  0.83527021 0.78270454 0.72614904]
 [0.99501248 1.         0.99501248 0.98019867 0.95599748 0.92311635
  0.8824969  0.83527021 0.78270454]
 [0.98019867 0.99501248 1.         0.99501248 0.98019867 0.95599748
  0.92311635 0.8824969  0.83527021]
 [0.95599748 0.98019867 0.99501248 1.         0.99501248 0.98019867
  0.95599748 0.92311635 0.8824969 ]
 [0.92311635 0.95599748 0.98019867 0.99501248 1.         0.99501248
  0.98019867 0.95599748 0.92311635]
 [0.8824969  0.92311635 0.95599748 0.98019867 0.99501248 1.
  0.99501248 0.98019867 0.95599748]
 [0.83527021 0.8824969  0.92311635 0.95599748 0.98019867 0.99501248
  1.         0.99501248 0.98019867]
 [0.78270454 0.83527021 0.8824969  0.92311635 0.95599748 0.98019867
  0.99501248 1.         0.99501248]
 [0.72614904 0.78270454 0.83527021 0.8824969  0.92311635 0.95599748
  0.98019867 0.99501248 1.        ]]
2025-01-22 13:33:41,126 - INFO - Dang tinh toan ma tran Laplace...
2025-01-22 13:33:41,154 - INFO - Dang tinh vector rieng...
2025-01-22 13:33:42,227 - INFO - Dang phan vung do thi...
2025-01-22 13:33:42,227 - INFO - Mau cua vector rieng (9 hang dau):
[[-0.01680732 -0.01421284  0.00226391]
 [-0.01680732 -0.01421278  0.00226383]
 [-0.01680732 -0.01421273  0.00226374]
 [-0.01680732 -0.01421268  0.00226367]
 [-0.01680732 -0.01421264  0.0022636 ]
 [-0.01680732 -0.0142126   0.00226353]
 [-0.01680732 -0.01421256  0.00226346]
 [-0.01680732 -0.01421252  0.00226339]
 [-0.01680732 -0.01421248  0.00226332]]
2025-01-22 13:33:42,234 - INFO - Nhan gan cho 27 pixel dau tien: [1 1 1 1 1 1 1 1 1 1 1 1 1 1 1 1 1 1 1 1 1 1 1 1 1 1 1]
2025-01-22 13:33:42,236 - INFO - Dang hien thi ket qua...
2025-01-22 13:33:42,236 - INFO - Thoi gian: 1.7766613960266113 giay
2025-01-22 13:33:43,527 - INFO - Dang tinh toan ma tran trong so...
2025-01-22 13:33:43,527 - INFO - Kich thuoc anh: 59x60x3
2025-01-22 13:33:43,527 - INFO - Kich thuoc dac trung mau: (3540, 3), Kich thuoc toa do: (3540, 2)
2025-01-22 13:33:43,527 - INFO - Dac trung mau (9 phan tu dau):
[[1. 1. 1.]
 [1. 1. 1.]
 [1. 1. 1.]
 [1. 1. 1.]
 [1. 1. 1.]
 [1. 1. 1.]
 [1. 1. 1.]
 [1. 1. 1.]
 [1. 1. 1.]]
2025-01-22 13:33:43,527 - INFO - Toa do (9 phan tu dau):
[[0 0]
 [1 0]
 [2 0]
 [3 0]
 [4 0]
 [5 0]
 [6 0]
 [7 0]
 [8 0]]
2025-01-22 13:33:44,162 - INFO - Manh cua W (9x9 phan tu dau):
[[1.         0.99501248 0.98019867 0.95599748 0.92311635 0.8824969
  0.83527021 0.78270454 0.72614904]
 [0.99501248 1.         0.99501248 0.98019867 0.95599748 0.92311635
  0.8824969  0.83527021 0.78270454]
 [0.98019867 0.99501248 1.         0.99501248 0.98019867 0.95599748
  0.92311635 0.8824969  0.83527021]
 [0.95599748 0.98019867 0.99501248 1.         0.99501248 0.98019867
  0.95599748 0.92311635 0.8824969 ]
 [0.92311635 0.95599748 0.98019867 0.99501248 1.         0.99501248
  0.98019867 0.95599748 0.92311635]
 [0.8824969  0.92311635 0.95599748 0.98019867 0.99501248 1.
  0.99501248 0.98019867 0.95599748]
 [0.83527021 0.8824969  0.92311635 0.95599748 0.98019867 0.99501248
  1.         0.99501248 0.98019867]
 [0.78270454 0.83527021 0.8824969  0.92311635 0.95599748 0.98019867
  0.99501248 1.         0.99501248]
 [0.72614904 0.78270454 0.83527021 0.8824969  0.92311635 0.95599748
  0.98019867 0.99501248 1.        ]]
2025-01-22 13:33:44,162 - INFO - Dang tinh toan ma tran Laplace...
2025-01-22 13:33:44,199 - INFO - Dang tinh vector rieng...
2025-01-22 13:33:45,364 - INFO - Dang phan vung do thi...
2025-01-22 13:33:45,364 - INFO - Mau cua vector rieng (9 hang dau):
[[-0.01680732  0.01421284  0.00226391]
 [-0.01680732  0.01421278  0.00226383]
 [-0.01680732  0.01421273  0.00226374]
 [-0.01680732  0.01421268  0.00226367]
 [-0.01680732  0.01421264  0.0022636 ]
 [-0.01680732  0.0142126   0.00226353]
 [-0.01680732  0.01421256  0.00226346]
 [-0.01680732  0.01421252  0.00226339]
 [-0.01680732  0.01421248  0.00226332]]
2025-01-22 13:33:45,371 - INFO - Nhan gan cho 27 pixel dau tien: [1 1 1 1 1 1 1 1 1 1 1 1 1 1 1 1 1 1 1 1 1 1 1 1 1 1 1]
2025-01-22 13:33:45,372 - INFO - Dang hien thi ket qua...
2025-01-22 13:33:45,372 - INFO - Thoi gian: 1.845766544342041 giay
2025-01-22 13:33:46,629 - INFO - Dang tinh toan ma tran trong so...
2025-01-22 13:33:46,629 - INFO - Kich thuoc anh: 59x60x3
2025-01-22 13:33:46,631 - INFO - Kich thuoc dac trung mau: (3540, 3), Kich thuoc toa do: (3540, 2)
2025-01-22 13:33:46,631 - INFO - Dac trung mau (9 phan tu dau):
[[1. 1. 1.]
 [1. 1. 1.]
 [1. 1. 1.]
 [1. 1. 1.]
 [1. 1. 1.]
 [1. 1. 1.]
 [1. 1. 1.]
 [1. 1. 1.]
 [1. 1. 1.]]
2025-01-22 13:33:46,631 - INFO - Toa do (9 phan tu dau):
[[0 0]
 [1 0]
 [2 0]
 [3 0]
 [4 0]
 [5 0]
 [6 0]
 [7 0]
 [8 0]]
2025-01-22 13:33:47,266 - INFO - Manh cua W (9x9 phan tu dau):
[[1.         0.99501248 0.98019867 0.95599748 0.92311635 0.8824969
  0.83527021 0.78270454 0.72614904]
 [0.99501248 1.         0.99501248 0.98019867 0.95599748 0.92311635
  0.8824969  0.83527021 0.78270454]
 [0.98019867 0.99501248 1.         0.99501248 0.98019867 0.95599748
  0.92311635 0.8824969  0.83527021]
 [0.95599748 0.98019867 0.99501248 1.         0.99501248 0.98019867
  0.95599748 0.92311635 0.8824969 ]
 [0.92311635 0.95599748 0.98019867 0.99501248 1.         0.99501248
  0.98019867 0.95599748 0.92311635]
 [0.8824969  0.92311635 0.95599748 0.98019867 0.99501248 1.
  0.99501248 0.98019867 0.95599748]
 [0.83527021 0.8824969  0.92311635 0.95599748 0.98019867 0.99501248
  1.         0.99501248 0.98019867]
 [0.78270454 0.83527021 0.8824969  0.92311635 0.95599748 0.98019867
  0.99501248 1.         0.99501248]
 [0.72614904 0.78270454 0.83527021 0.8824969  0.92311635 0.95599748
  0.98019867 0.99501248 1.        ]]
2025-01-22 13:33:47,266 - INFO - Dang tinh toan ma tran Laplace...
2025-01-22 13:33:47,300 - INFO - Dang tinh vector rieng...
2025-01-22 13:33:48,409 - INFO - Dang phan vung do thi...
2025-01-22 13:33:48,409 - INFO - Mau cua vector rieng (9 hang dau):
[[-0.01680732  0.01421284 -0.00226391]
 [-0.01680732  0.01421278 -0.00226383]
 [-0.01680732  0.01421273 -0.00226374]
 [-0.01680732  0.01421268 -0.00226367]
 [-0.01680732  0.01421264 -0.0022636 ]
 [-0.01680732  0.0142126  -0.00226353]
 [-0.01680732  0.01421256 -0.00226346]
 [-0.01680732  0.01421252 -0.00226339]
 [-0.01680732  0.01421248 -0.00226332]]
2025-01-22 13:33:48,421 - INFO - Nhan gan cho 27 pixel dau tien: [1 1 1 1 1 1 1 1 1 1 1 1 1 1 1 1 1 1 1 1 1 1 1 1 1 1 1]
2025-01-22 13:33:48,421 - INFO - Dang hien thi ket qua...
2025-01-22 13:33:48,421 - INFO - Thoi gian: 1.7941420078277588 giay
2025-01-22 13:33:50,417 - INFO - Dang tinh toan ma tran trong so...
2025-01-22 13:33:50,417 - INFO - Kich thuoc anh: 59x60x3
2025-01-22 13:33:50,421 - INFO - Kich thuoc dac trung mau: (3540, 3), Kich thuoc toa do: (3540, 2)
2025-01-22 13:33:50,421 - INFO - Dac trung mau (9 phan tu dau):
[[1. 1. 1.]
 [1. 1. 1.]
 [1. 1. 1.]
 [1. 1. 1.]
 [1. 1. 1.]
 [1. 1. 1.]
 [1. 1. 1.]
 [1. 1. 1.]
 [1. 1. 1.]]
2025-01-22 13:33:50,421 - INFO - Toa do (9 phan tu dau):
[[0 0]
 [1 0]
 [2 0]
 [3 0]
 [4 0]
 [5 0]
 [6 0]
 [7 0]
 [8 0]]
2025-01-22 13:33:51,063 - INFO - Manh cua W (9x9 phan tu dau):
[[1.         0.99501248 0.98019867 0.95599748 0.92311635 0.8824969
  0.83527021 0.78270454 0.72614904]
 [0.99501248 1.         0.99501248 0.98019867 0.95599748 0.92311635
  0.8824969  0.83527021 0.78270454]
 [0.98019867 0.99501248 1.         0.99501248 0.98019867 0.95599748
  0.92311635 0.8824969  0.83527021]
 [0.95599748 0.98019867 0.99501248 1.         0.99501248 0.98019867
  0.95599748 0.92311635 0.8824969 ]
 [0.92311635 0.95599748 0.98019867 0.99501248 1.         0.99501248
  0.98019867 0.95599748 0.92311635]
 [0.8824969  0.92311635 0.95599748 0.98019867 0.99501248 1.
  0.99501248 0.98019867 0.95599748]
 [0.83527021 0.8824969  0.92311635 0.95599748 0.98019867 0.99501248
  1.         0.99501248 0.98019867]
 [0.78270454 0.83527021 0.8824969  0.92311635 0.95599748 0.98019867
  0.99501248 1.         0.99501248]
 [0.72614904 0.78270454 0.83527021 0.8824969  0.92311635 0.95599748
  0.98019867 0.99501248 1.        ]]
2025-01-22 13:33:51,063 - INFO - Dang tinh toan ma tran Laplace...
2025-01-22 13:33:51,089 - INFO - Dang tinh vector rieng...
2025-01-22 13:33:52,126 - INFO - Dang phan vung do thi...
2025-01-22 13:33:52,126 - INFO - Mau cua vector rieng (9 hang dau):
[[ 0.01680732  0.01421284 -0.00226391]
 [ 0.01680732  0.01421278 -0.00226383]
 [ 0.01680732  0.01421273 -0.00226374]
 [ 0.01680732  0.01421268 -0.00226367]
 [ 0.01680732  0.01421264 -0.0022636 ]
 [ 0.01680732  0.0142126  -0.00226353]
 [ 0.01680732  0.01421256 -0.00226346]
 [ 0.01680732  0.01421252 -0.00226339]
 [ 0.01680732  0.01421248 -0.00226332]]
2025-01-22 13:33:52,133 - INFO - Nhan gan cho 27 pixel dau tien: [1 1 1 1 1 1 1 1 1 1 1 1 1 1 1 1 1 1 1 1 1 1 1 1 1 1 1]
2025-01-22 13:33:52,136 - INFO - Dang hien thi ket qua...
2025-01-22 13:33:52,136 - INFO - Thoi gian: 1.72347092628479 giay
