2025-01-12 17:10:48,293 - INFO - Tinh ma tran trong so...
2025-01-12 17:10:48,293 - INFO - Kich thuoc anh: 59x60x3
2025-01-12 17:10:49,619 - INFO - Kich thuoc dac trung mau: (3540, 3), Kich thuoc toa do: (3540, 2)
2025-01-12 17:10:49,619 - INFO - \u0110ac trung mau:
[[1. 1. 1.]
 [1. 1. 1.]
 [1. 1. 1.]
 [1. 1. 1.]
 [1. 1. 1.]
 [1. 1. 1.]
 [1. 1. 1.]
 [1. 1. 1.]
 [1. 1. 1.]]
2025-01-12 17:10:49,620 - INFO - Toa do:
[[0 0]
 [1 0]
 [2 0]
 [3 0]
 [4 0]
 [5 0]
 [6 0]
 [7 0]
 [8 0]]
2025-01-12 17:10:49,991 - INFO - Manh cua W (9x9 phan tu dau):
[[1.         0.99501246 0.9801987  0.95599747 0.9231163  0.8824969
  0.8352702  0.78270453 0.726149  ]
 [0.99501246 1.         0.99501246 0.9801987  0.95599747 0.9231163
  0.8824969  0.8352702  0.78270453]
 [0.9801987  0.99501246 1.         0.99501246 0.9801987  0.95599747
  0.9231163  0.8824969  0.8352702 ]
 [0.95599747 0.9801987  0.99501246 1.         0.99501246 0.9801987
  0.95599747 0.9231163  0.8824969 ]
 [0.9231163  0.95599747 0.9801987  0.99501246 1.         0.99501246
  0.9801987  0.95599747 0.9231163 ]
 [0.8824969  0.9231163  0.95599747 0.9801987  0.99501246 1.
  0.99501246 0.9801987  0.95599747]
 [0.8352702  0.8824969  0.9231163  0.95599747 0.9801987  0.99501246
  1.         0.99501246 0.9801987 ]
 [0.78270453 0.8352702  0.8824969  0.9231163  0.95599747 0.9801987
  0.99501246 1.         0.99501246]
 [0.726149   0.78270453 0.8352702  0.8824969  0.9231163  0.95599747
  0.9801987  0.99501246 1.        ]]
2025-01-12 17:10:49,992 - INFO - Tinh Laplace...
2025-01-12 17:10:50,485 - INFO - Tinh eigenvectors...
2025-01-12 17:10:50,630 - INFO - Phan vung do thi...
2025-01-12 17:10:50,631 - INFO - Manh cua vector rieng (9 hang dau):
[[-1.0799913e-03 -7.5346447e-04  4.3666096e-05]
 [-1.0799915e-03 -7.5346371e-04  4.3661974e-05]
 [-1.0799915e-03 -7.5346231e-04  4.3657627e-05]
 [-1.0799915e-03 -7.5346167e-04  4.3652530e-05]
 [-1.0799915e-03 -7.5346028e-04  4.3647477e-05]
 [-1.0799913e-03 -7.5345894e-04  4.3641608e-05]
 [-1.0799916e-03 -7.5345766e-04  4.3635315e-05]
 [-1.0799913e-03 -7.5345597e-04  4.3628446e-05]
 [-1.0799910e-03 -7.5345440e-04  4.3621043e-05]]
2025-01-12 17:10:50,771 - INFO - Nhan gan cho 27 pixel dau tien: [2 2 2 2 2 2 2 2 2 2 2 2 2 2 2 2 2 2 2 2 2 2 2 2 2 2 2]
2025-01-12 17:10:50,772 - INFO - Hien thi ket qua...
2025-01-12 17:10:50,772 - INFO - Thoi gian: 2.4869585037231445 giay
2025-01-12 17:10:52,083 - INFO - Tinh ma tran trong so...
2025-01-12 17:10:52,084 - INFO - Kich thuoc anh: 59x60x3
2025-01-12 17:10:52,084 - INFO - Kich thuoc dac trung mau: (3540, 3), Kich thuoc toa do: (3540, 2)
2025-01-12 17:10:52,085 - INFO - \u0110ac trung mau:
[[1. 1. 1.]
 [1. 1. 1.]
 [1. 1. 1.]
 [1. 1. 1.]
 [1. 1. 1.]
 [1. 1. 1.]
 [1. 1. 1.]
 [1. 1. 1.]
 [1. 1. 1.]]
2025-01-12 17:10:52,085 - INFO - Toa do:
[[0 0]
 [1 0]
 [2 0]
 [3 0]
 [4 0]
 [5 0]
 [6 0]
 [7 0]
 [8 0]]
2025-01-12 17:10:52,554 - INFO - Manh cua W (9x9 phan tu dau):
[[1.         0.99501246 0.9801987  0.95599747 0.9231163  0.8824969
  0.8352702  0.78270453 0.726149  ]
 [0.99501246 1.         0.99501246 0.9801987  0.95599747 0.9231163
  0.8824969  0.8352702  0.78270453]
 [0.9801987  0.99501246 1.         0.99501246 0.9801987  0.95599747
  0.9231163  0.8824969  0.8352702 ]
 [0.95599747 0.9801987  0.99501246 1.         0.99501246 0.9801987
  0.95599747 0.9231163  0.8824969 ]
 [0.9231163  0.95599747 0.9801987  0.99501246 1.         0.99501246
  0.9801987  0.95599747 0.9231163 ]
 [0.8824969  0.9231163  0.95599747 0.9801987  0.99501246 1.
  0.99501246 0.9801987  0.95599747]
 [0.8352702  0.8824969  0.9231163  0.95599747 0.9801987  0.99501246
  1.         0.99501246 0.9801987 ]
 [0.78270453 0.8352702  0.8824969  0.9231163  0.95599747 0.9801987
  0.99501246 1.         0.99501246]
 [0.726149   0.78270453 0.8352702  0.8824969  0.9231163  0.95599747
  0.9801987  0.99501246 1.        ]]
2025-01-12 17:10:52,554 - INFO - Tinh Laplace...
2025-01-12 17:10:52,855 - INFO - Tinh eigenvectors...
2025-01-12 17:10:52,909 - INFO - Phan vung do thi...
2025-01-12 17:10:52,910 - INFO - Manh cua vector rieng (9 hang dau):
[[1.0798983e-03 7.5359870e-04 4.3669144e-05]
 [1.0798979e-03 7.5359747e-04 4.3665044e-05]
 [1.0798979e-03 7.5359683e-04 4.3660573e-05]
 [1.0798980e-03 7.5359561e-04 4.3655717e-05]
 [1.0798976e-03 7.5359433e-04 4.3650325e-05]
 [1.0798975e-03 7.5359311e-04 4.3644566e-05]
 [1.0798982e-03 7.5359165e-04 4.3638331e-05]
 [1.0798981e-03 7.5358996e-04 4.3631433e-05]
 [1.0798986e-03 7.5358857e-04 4.3623997e-05]]
2025-01-12 17:10:52,915 - INFO - Nhan gan cho 27 pixel dau tien: [2 2 2 2 2 2 2 2 2 2 2 2 2 2 2 2 2 2 2 2 2 2 2 2 2 2 2]
2025-01-12 17:10:52,915 - INFO - Hien thi ket qua...
2025-01-12 17:10:52,915 - INFO - Thoi gian: 0.8337674140930176 giay
