2025-01-15 10:01:40,241 - INFO - Computing weight matrix...
2025-01-15 10:01:40,241 - INFO - Kích th\u01b0\u1edbc \u1ea3nh: 59x60x3
2025-01-15 10:01:41,927 - INFO - Kích th\u01b0\u1edbc \u0111\u1eb7c tr\u01b0ng màu: (3540, 3), Kích th\u01b0\u1edbc t\u1ecda \u0111\u1ed9: (3540, 2)
2025-01-15 10:01:41,927 - INFO - \u0110\u1eb7c tr\u01b0ng màu (9 ph\u1ea7n t\u1eed \u0111\u1ea7u):
[[1. 1. 1.]
 [1. 1. 1.]
 [1. 1. 1.]
 [1. 1. 1.]
 [1. 1. 1.]
 [1. 1. 1.]
 [1. 1. 1.]
 [1. 1. 1.]
 [1. 1. 1.]]
2025-01-15 10:01:41,928 - INFO - T\u1ecda \u0111\u1ed9 (9 ph\u1ea7n t\u1eed \u0111\u1ea7u):
[[0 0]
 [1 0]
 [2 0]
 [3 0]
 [4 0]
 [5 0]
 [6 0]
 [7 0]
 [8 0]]
2025-01-15 10:01:42,627 - INFO - M\u1ea3nh c\u1ee7a W (9x9 ph\u1ea7n t\u1eed \u0111\u1ea7u):
[[1.         0.99501248 0.98019867 0.95599748 0.92311635 0.8824969
  0.83527021 0.78270454 0.72614904]
 [0.99501248 1.         0.99501248 0.98019867 0.95599748 0.92311635
  0.8824969  0.83527021 0.78270454]
 [0.98019867 0.99501248 1.         0.99501248 0.98019867 0.95599748
  0.92311635 0.8824969  0.83527021]
 [0.95599748 0.98019867 0.99501248 1.         0.99501248 0.98019867
  0.95599748 0.92311635 0.8824969 ]
 [0.92311635 0.95599748 0.98019867 0.99501248 1.         0.99501248
  0.98019867 0.95599748 0.92311635]
 [0.8824969  0.92311635 0.95599748 0.98019867 0.99501248 1.
  0.99501248 0.98019867 0.95599748]
 [0.83527021 0.8824969  0.92311635 0.95599748 0.98019867 0.99501248
  1.         0.99501248 0.98019867]
 [0.78270454 0.83527021 0.8824969  0.92311635 0.95599748 0.98019867
  0.99501248 1.         0.99501248]
 [0.72614904 0.78270454 0.83527021 0.8824969  0.92311635 0.95599748
  0.98019867 0.99501248 1.        ]]
2025-01-15 10:01:42,632 - INFO - Computing Laplacian...
2025-01-15 10:01:50,737 - INFO - Computing eigenvectors...
2025-01-15 10:01:54,095 - INFO - Partitioning graph...
2025-01-15 10:01:54,095 - INFO - M\u1eabu c\u1ee7a vector riêng (9 hàng \u0111\u1ea7u):
[[ 1.07995488e-03 -7.53516970e-04 -4.36662497e-05]
 [ 1.07995488e-03 -7.53516029e-04 -4.36621481e-05]
 [ 1.07995488e-03 -7.53515010e-04 -4.36576787e-05]
 [ 1.07995488e-03 -7.53513908e-04 -4.36528076e-05]
 [ 1.07995488e-03 -7.53512714e-04 -4.36474984e-05]
 [ 1.07995488e-03 -7.53511422e-04 -4.36417124e-05]
 [ 1.07995488e-03 -7.53510025e-04 -4.36354083e-05]
 [ 1.07995488e-03 -7.53508516e-04 -4.36285426e-05]
 [ 1.07995488e-03 -7.53506886e-04 -4.36210696e-05]]
2025-01-15 10:01:54,288 - INFO - Nhãn gán cho 27 pixel \u0111\u1ea7u tiên: [2 2 2 2 2 2 2 2 2 2 2 2 2 2 2 2 2 2 2 2 2 2 2 2 2 2 2]
2025-01-15 10:01:54,288 - INFO - Displaying results...
2025-01-15 10:01:54,288 - INFO - th\u1eddi gian: 14.064459323883057 giây
2025-01-15 10:01:56,222 - INFO - Computing weight matrix...
2025-01-15 10:01:56,222 - INFO - Kích th\u01b0\u1edbc \u1ea3nh: 59x60x3
2025-01-15 10:01:56,223 - INFO - Kích th\u01b0\u1edbc \u0111\u1eb7c tr\u01b0ng màu: (3540, 3), Kích th\u01b0\u1edbc t\u1ecda \u0111\u1ed9: (3540, 2)
2025-01-15 10:01:56,224 - INFO - \u0110\u1eb7c tr\u01b0ng màu (9 ph\u1ea7n t\u1eed \u0111\u1ea7u):
[[1. 1. 1.]
 [1. 1. 1.]
 [1. 1. 1.]
 [1. 1. 1.]
 [1. 1. 1.]
 [1. 1. 1.]
 [1. 1. 1.]
 [1. 1. 1.]
 [1. 1. 1.]]
2025-01-15 10:01:56,226 - INFO - T\u1ecda \u0111\u1ed9 (9 ph\u1ea7n t\u1eed \u0111\u1ea7u):
[[0 0]
 [1 0]
 [2 0]
 [3 0]
 [4 0]
 [5 0]
 [6 0]
 [7 0]
 [8 0]]
2025-01-15 10:01:56,970 - INFO - M\u1ea3nh c\u1ee7a W (9x9 ph\u1ea7n t\u1eed \u0111\u1ea7u):
[[1.         0.99501248 0.98019867 0.95599748 0.92311635 0.8824969
  0.83527021 0.78270454 0.72614904]
 [0.99501248 1.         0.99501248 0.98019867 0.95599748 0.92311635
  0.8824969  0.83527021 0.78270454]
 [0.98019867 0.99501248 1.         0.99501248 0.98019867 0.95599748
  0.92311635 0.8824969  0.83527021]
 [0.95599748 0.98019867 0.99501248 1.         0.99501248 0.98019867
  0.95599748 0.92311635 0.8824969 ]
 [0.92311635 0.95599748 0.98019867 0.99501248 1.         0.99501248
  0.98019867 0.95599748 0.92311635]
 [0.8824969  0.92311635 0.95599748 0.98019867 0.99501248 1.
  0.99501248 0.98019867 0.95599748]
 [0.83527021 0.8824969  0.92311635 0.95599748 0.98019867 0.99501248
  1.         0.99501248 0.98019867]
 [0.78270454 0.83527021 0.8824969  0.92311635 0.95599748 0.98019867
  0.99501248 1.         0.99501248]
 [0.72614904 0.78270454 0.83527021 0.8824969  0.92311635 0.95599748
  0.98019867 0.99501248 1.        ]]
2025-01-15 10:01:56,971 - INFO - Computing Laplacian...
2025-01-15 10:01:57,005 - INFO - Computing eigenvectors...
2025-01-15 10:02:00,854 - INFO - Partitioning graph...
2025-01-15 10:02:00,855 - INFO - M\u1eabu c\u1ee7a vector riêng (9 hàng \u0111\u1ea7u):
[[ 1.07995488e-03  7.53516970e-04 -4.36662497e-05]
 [ 1.07995488e-03  7.53516029e-04 -4.36621481e-05]
 [ 1.07995488e-03  7.53515010e-04 -4.36576787e-05]
 [ 1.07995488e-03  7.53513908e-04 -4.36528076e-05]
 [ 1.07995488e-03  7.53512714e-04 -4.36474984e-05]
 [ 1.07995488e-03  7.53511422e-04 -4.36417124e-05]
 [ 1.07995488e-03  7.53510025e-04 -4.36354083e-05]
 [ 1.07995488e-03  7.53508516e-04 -4.36285426e-05]
 [ 1.07995488e-03  7.53506886e-04 -4.36210696e-05]]
2025-01-15 10:02:00,860 - INFO - Nhãn gán cho 27 pixel \u0111\u1ea7u tiên: [2 2 2 2 2 2 2 2 2 2 2 2 2 2 2 2 2 2 2 2 2 2 2 2 2 2 2]
2025-01-15 10:02:00,860 - INFO - Displaying results...
2025-01-15 10:02:00,860 - INFO - th\u1eddi gian: 4.64121413230896 giây
