2025-01-15 11:10:59,198 - INFO - Dang tinh toan ma tran trong so...
2025-01-15 11:10:59,198 - INFO - Kich thuoc anh: 59x60x3
2025-01-15 11:10:59,203 - INFO - Kich thuoc dac trung mau: (3540, 3), Kich thuoc toa do: (3540, 2)
2025-01-15 11:10:59,204 - INFO - Dac trung mau (9 phan tu dau):
[[1. 1. 1.]
 [1. 1. 1.]
 [1. 1. 1.]
 [1. 1. 1.]
 [1. 1. 1.]
 [1. 1. 1.]
 [1. 1. 1.]
 [1. 1. 1.]
 [1. 1. 1.]]
2025-01-15 11:10:59,204 - INFO - Toa do (9 phan tu dau):
[[0 0]
 [1 0]
 [2 0]
 [3 0]
 [4 0]
 [5 0]
 [6 0]
 [7 0]
 [8 0]]
2025-01-15 11:11:00,060 - INFO - Manh cua W (9x9 phan tu dau):
[[1.         0.99501248 0.98019867 0.95599748 0.92311635 0.8824969
  0.83527021 0.78270454 0.72614904]
 [0.99501248 1.         0.99501248 0.98019867 0.95599748 0.92311635
  0.8824969  0.83527021 0.78270454]
 [0.98019867 0.99501248 1.         0.99501248 0.98019867 0.95599748
  0.92311635 0.8824969  0.83527021]
 [0.95599748 0.98019867 0.99501248 1.         0.99501248 0.98019867
  0.95599748 0.92311635 0.8824969 ]
 [0.92311635 0.95599748 0.98019867 0.99501248 1.         0.99501248
  0.98019867 0.95599748 0.92311635]
 [0.8824969  0.92311635 0.95599748 0.98019867 0.99501248 1.
  0.99501248 0.98019867 0.95599748]
 [0.83527021 0.8824969  0.92311635 0.95599748 0.98019867 0.99501248
  1.         0.99501248 0.98019867]
 [0.78270454 0.83527021 0.8824969  0.92311635 0.95599748 0.98019867
  0.99501248 1.         0.99501248]
 [0.72614904 0.78270454 0.83527021 0.8824969  0.92311635 0.95599748
  0.98019867 0.99501248 1.        ]]
2025-01-15 11:11:00,060 - INFO - Dang tinh toan ma tran Laplace...
2025-01-15 11:11:07,151 - INFO - Dang tinh vector rieng...
2025-01-15 11:11:11,628 - INFO - Dang phan vung do thi...
2025-01-15 11:11:11,629 - INFO - Mau cua vector rieng (9 hang dau):
[[0.00107995 0.00075352]
 [0.00107995 0.00075352]
 [0.00107995 0.00075352]
 [0.00107995 0.00075351]
 [0.00107995 0.00075351]
 [0.00107995 0.00075351]
 [0.00107995 0.00075351]
 [0.00107995 0.00075351]
 [0.00107995 0.00075351]]
2025-01-15 11:11:11,837 - INFO - Nhan gan cho 27 pixel dau tien: [1 1 1 1 1 1 1 1 1 1 1 1 1 1 1 1 1 1 1 1 1 1 1 1 1 1 1]
2025-01-15 11:11:11,838 - INFO - Dang hien thi ket qua...
2025-01-15 11:11:11,838 - INFO - Thoi gian: 18.98445963859558 giay
2025-01-15 11:11:13,695 - INFO - Dang tinh toan ma tran trong so...
2025-01-15 11:11:13,695 - INFO - Kich thuoc anh: 59x60x3
2025-01-15 11:11:13,695 - INFO - Kich thuoc dac trung mau: (3540, 3), Kich thuoc toa do: (3540, 2)
2025-01-15 11:11:13,696 - INFO - Dac trung mau (9 phan tu dau):
[[1. 1. 1.]
 [1. 1. 1.]
 [1. 1. 1.]
 [1. 1. 1.]
 [1. 1. 1.]
 [1. 1. 1.]
 [1. 1. 1.]
 [1. 1. 1.]
 [1. 1. 1.]]
2025-01-15 11:11:13,696 - INFO - Toa do (9 phan tu dau):
[[0 0]
 [1 0]
 [2 0]
 [3 0]
 [4 0]
 [5 0]
 [6 0]
 [7 0]
 [8 0]]
2025-01-15 11:11:14,301 - INFO - Manh cua W (9x9 phan tu dau):
[[1.         0.99501248 0.98019867 0.95599748 0.92311635 0.8824969
  0.83527021 0.78270454 0.72614904]
 [0.99501248 1.         0.99501248 0.98019867 0.95599748 0.92311635
  0.8824969  0.83527021 0.78270454]
 [0.98019867 0.99501248 1.         0.99501248 0.98019867 0.95599748
  0.92311635 0.8824969  0.83527021]
 [0.95599748 0.98019867 0.99501248 1.         0.99501248 0.98019867
  0.95599748 0.92311635 0.8824969 ]
 [0.92311635 0.95599748 0.98019867 0.99501248 1.         0.99501248
  0.98019867 0.95599748 0.92311635]
 [0.8824969  0.92311635 0.95599748 0.98019867 0.99501248 1.
  0.99501248 0.98019867 0.95599748]
 [0.83527021 0.8824969  0.92311635 0.95599748 0.98019867 0.99501248
  1.         0.99501248 0.98019867]
 [0.78270454 0.83527021 0.8824969  0.92311635 0.95599748 0.98019867
  0.99501248 1.         0.99501248]
 [0.72614904 0.78270454 0.83527021 0.8824969  0.92311635 0.95599748
  0.98019867 0.99501248 1.        ]]
2025-01-15 11:11:14,301 - INFO - Dang tinh toan ma tran Laplace...
2025-01-15 11:11:14,337 - INFO - Dang tinh vector rieng...
2025-01-15 11:11:18,889 - INFO - Dang phan vung do thi...
2025-01-15 11:11:18,890 - INFO - Mau cua vector rieng (9 hang dau):
[[ 0.00107995 -0.00075352]
 [ 0.00107995 -0.00075352]
 [ 0.00107995 -0.00075352]
 [ 0.00107995 -0.00075351]
 [ 0.00107995 -0.00075351]
 [ 0.00107995 -0.00075351]
 [ 0.00107995 -0.00075351]
 [ 0.00107995 -0.00075351]
 [ 0.00107995 -0.00075351]]
2025-01-15 11:11:18,897 - INFO - Nhan gan cho 27 pixel dau tien: [1 1 1 1 1 1 1 1 1 1 1 1 1 1 1 1 1 1 1 1 1 1 1 1 1 1 1]
2025-01-15 11:11:18,897 - INFO - Dang hien thi ket qua...
2025-01-15 11:11:18,897 - INFO - Thoi gian: 5.24608588218689 giay
2025-01-15 11:11:22,366 - INFO - Dang tinh toan ma tran trong so...
2025-01-15 11:11:22,366 - INFO - Kich thuoc anh: 59x60x3
2025-01-15 11:11:22,367 - INFO - Kich thuoc dac trung mau: (3540, 3), Kich thuoc toa do: (3540, 2)
2025-01-15 11:11:22,368 - INFO - Dac trung mau (9 phan tu dau):
[[1. 1. 1.]
 [1. 1. 1.]
 [1. 1. 1.]
 [1. 1. 1.]
 [1. 1. 1.]
 [1. 1. 1.]
 [1. 1. 1.]
 [1. 1. 1.]
 [1. 1. 1.]]
2025-01-15 11:11:22,369 - INFO - Toa do (9 phan tu dau):
[[0 0]
 [1 0]
 [2 0]
 [3 0]
 [4 0]
 [5 0]
 [6 0]
 [7 0]
 [8 0]]
2025-01-15 11:11:23,071 - INFO - Manh cua W (9x9 phan tu dau):
[[1.         0.99501248 0.98019867 0.95599748 0.92311635 0.8824969
  0.83527021 0.78270454 0.72614904]
 [0.99501248 1.         0.99501248 0.98019867 0.95599748 0.92311635
  0.8824969  0.83527021 0.78270454]
 [0.98019867 0.99501248 1.         0.99501248 0.98019867 0.95599748
  0.92311635 0.8824969  0.83527021]
 [0.95599748 0.98019867 0.99501248 1.         0.99501248 0.98019867
  0.95599748 0.92311635 0.8824969 ]
 [0.92311635 0.95599748 0.98019867 0.99501248 1.         0.99501248
  0.98019867 0.95599748 0.92311635]
 [0.8824969  0.92311635 0.95599748 0.98019867 0.99501248 1.
  0.99501248 0.98019867 0.95599748]
 [0.83527021 0.8824969  0.92311635 0.95599748 0.98019867 0.99501248
  1.         0.99501248 0.98019867]
 [0.78270454 0.83527021 0.8824969  0.92311635 0.95599748 0.98019867
  0.99501248 1.         0.99501248]
 [0.72614904 0.78270454 0.83527021 0.8824969  0.92311635 0.95599748
  0.98019867 0.99501248 1.        ]]
2025-01-15 11:11:23,071 - INFO - Dang tinh toan ma tran Laplace...
2025-01-15 11:11:23,106 - INFO - Dang tinh vector rieng...
2025-01-15 11:11:28,833 - INFO - Dang phan vung do thi...
2025-01-15 11:11:28,835 - INFO - Mau cua vector rieng (9 hang dau):
[[-0.00107995 -0.00075352]
 [-0.00107995 -0.00075352]
 [-0.00107995 -0.00075352]
 [-0.00107995 -0.00075351]
 [-0.00107995 -0.00075351]
 [-0.00107995 -0.00075351]
 [-0.00107995 -0.00075351]
 [-0.00107995 -0.00075351]
 [-0.00107995 -0.00075351]]
2025-01-15 11:11:28,840 - INFO - Nhan gan cho 27 pixel dau tien: [1 1 1 1 1 1 1 1 1 1 1 1 1 1 1 1 1 1 1 1 1 1 1 1 1 1 1]
2025-01-15 11:11:28,840 - INFO - Dang hien thi ket qua...
2025-01-15 11:11:28,841 - INFO - Thoi gian: 6.52225661277771 giay
2025-01-15 11:35:18,311 - INFO - Dang tinh toan ma tran trong so...
2025-01-15 11:35:18,311 - INFO - Kich thuoc anh: 59x60x3
2025-01-15 11:35:18,315 - INFO - Kich thuoc dac trung mau: (3540, 3), Kich thuoc toa do: (3540, 2)
2025-01-15 11:35:18,315 - INFO - Dac trung mau (9 phan tu dau):
[[1. 1. 1.]
 [1. 1. 1.]
 [1. 1. 1.]
 [1. 1. 1.]
 [1. 1. 1.]
 [1. 1. 1.]
 [1. 1. 1.]
 [1. 1. 1.]
 [1. 1. 1.]]
2025-01-15 11:35:18,315 - INFO - Toa do (9 phan tu dau):
[[0 0]
 [1 0]
 [2 0]
 [3 0]
 [4 0]
 [5 0]
 [6 0]
 [7 0]
 [8 0]]
2025-01-15 11:35:18,824 - INFO - Manh cua W (9x9 phan tu dau):
[[1.         0.99501248 0.98019867 0.95599748 0.92311635 0.8824969
  0.83527021 0.78270454 0.72614904]
 [0.99501248 1.         0.99501248 0.98019867 0.95599748 0.92311635
  0.8824969  0.83527021 0.78270454]
 [0.98019867 0.99501248 1.         0.99501248 0.98019867 0.95599748
  0.92311635 0.8824969  0.83527021]
 [0.95599748 0.98019867 0.99501248 1.         0.99501248 0.98019867
  0.95599748 0.92311635 0.8824969 ]
 [0.92311635 0.95599748 0.98019867 0.99501248 1.         0.99501248
  0.98019867 0.95599748 0.92311635]
 [0.8824969  0.92311635 0.95599748 0.98019867 0.99501248 1.
  0.99501248 0.98019867 0.95599748]
 [0.83527021 0.8824969  0.92311635 0.95599748 0.98019867 0.99501248
  1.         0.99501248 0.98019867]
 [0.78270454 0.83527021 0.8824969  0.92311635 0.95599748 0.98019867
  0.99501248 1.         0.99501248]
 [0.72614904 0.78270454 0.83527021 0.8824969  0.92311635 0.95599748
  0.98019867 0.99501248 1.        ]]
2025-01-15 11:35:18,824 - INFO - Dang tinh toan ma tran Laplace...
2025-01-15 11:35:24,691 - INFO - Dang tinh vector rieng...
2025-01-15 11:35:28,047 - INFO - Dang phan vung do thi...
2025-01-15 11:35:28,048 - INFO - Mau cua vector rieng (9 hang dau):
[[0.00107995 0.00075352]
 [0.00107995 0.00075352]
 [0.00107995 0.00075352]
 [0.00107995 0.00075351]
 [0.00107995 0.00075351]
 [0.00107995 0.00075351]
 [0.00107995 0.00075351]
 [0.00107995 0.00075351]
 [0.00107995 0.00075351]]
2025-01-15 11:35:28,234 - INFO - Nhan gan cho 27 pixel dau tien: [1 1 1 1 1 1 1 1 1 1 1 1 1 1 1 1 1 1 1 1 1 1 1 1 1 1 1]
2025-01-15 11:35:28,235 - INFO - Dang hien thi ket qua...
2025-01-15 11:35:28,235 - INFO - Thoi gian: 11.333491563796997 giay
2025-01-15 11:35:29,919 - INFO - Dang tinh toan ma tran trong so...
2025-01-15 11:35:29,919 - INFO - Kich thuoc anh: 59x60x3
2025-01-15 11:35:29,922 - INFO - Kich thuoc dac trung mau: (3540, 3), Kich thuoc toa do: (3540, 2)
2025-01-15 11:35:29,923 - INFO - Dac trung mau (9 phan tu dau):
[[1. 1. 1.]
 [1. 1. 1.]
 [1. 1. 1.]
 [1. 1. 1.]
 [1. 1. 1.]
 [1. 1. 1.]
 [1. 1. 1.]
 [1. 1. 1.]
 [1. 1. 1.]]
2025-01-15 11:35:29,924 - INFO - Toa do (9 phan tu dau):
[[0 0]
 [1 0]
 [2 0]
 [3 0]
 [4 0]
 [5 0]
 [6 0]
 [7 0]
 [8 0]]
2025-01-15 11:35:30,456 - INFO - Manh cua W (9x9 phan tu dau):
[[1.         0.99501248 0.98019867 0.95599748 0.92311635 0.8824969
  0.83527021 0.78270454 0.72614904]
 [0.99501248 1.         0.99501248 0.98019867 0.95599748 0.92311635
  0.8824969  0.83527021 0.78270454]
 [0.98019867 0.99501248 1.         0.99501248 0.98019867 0.95599748
  0.92311635 0.8824969  0.83527021]
 [0.95599748 0.98019867 0.99501248 1.         0.99501248 0.98019867
  0.95599748 0.92311635 0.8824969 ]
 [0.92311635 0.95599748 0.98019867 0.99501248 1.         0.99501248
  0.98019867 0.95599748 0.92311635]
 [0.8824969  0.92311635 0.95599748 0.98019867 0.99501248 1.
  0.99501248 0.98019867 0.95599748]
 [0.83527021 0.8824969  0.92311635 0.95599748 0.98019867 0.99501248
  1.         0.99501248 0.98019867]
 [0.78270454 0.83527021 0.8824969  0.92311635 0.95599748 0.98019867
  0.99501248 1.         0.99501248]
 [0.72614904 0.78270454 0.83527021 0.8824969  0.92311635 0.95599748
  0.98019867 0.99501248 1.        ]]
2025-01-15 11:35:30,456 - INFO - Dang tinh toan ma tran Laplace...
2025-01-15 11:35:30,483 - INFO - Dang tinh vector rieng...
2025-01-15 11:35:34,119 - INFO - Dang phan vung do thi...
2025-01-15 11:35:34,120 - INFO - Mau cua vector rieng (9 hang dau):
[[ 0.00107995 -0.00075352]
 [ 0.00107995 -0.00075352]
 [ 0.00107995 -0.00075352]
 [ 0.00107995 -0.00075351]
 [ 0.00107995 -0.00075351]
 [ 0.00107995 -0.00075351]
 [ 0.00107995 -0.00075351]
 [ 0.00107995 -0.00075351]
 [ 0.00107995 -0.00075351]]
2025-01-15 11:35:34,125 - INFO - Nhan gan cho 27 pixel dau tien: [1 1 1 1 1 1 1 1 1 1 1 1 1 1 1 1 1 1 1 1 1 1 1 1 1 1 1]
2025-01-15 11:35:34,127 - INFO - Dang hien thi ket qua...
2025-01-15 11:35:34,127 - INFO - Thoi gian: 4.23500657081604 giay
2025-01-15 11:35:35,660 - INFO - Dang tinh toan ma tran trong so...
2025-01-15 11:35:35,660 - INFO - Kich thuoc anh: 59x60x3
2025-01-15 11:35:35,660 - INFO - Kich thuoc dac trung mau: (3540, 3), Kich thuoc toa do: (3540, 2)
2025-01-15 11:35:35,662 - INFO - Dac trung mau (9 phan tu dau):
[[1. 1. 1.]
 [1. 1. 1.]
 [1. 1. 1.]
 [1. 1. 1.]
 [1. 1. 1.]
 [1. 1. 1.]
 [1. 1. 1.]
 [1. 1. 1.]
 [1. 1. 1.]]
2025-01-15 11:35:35,662 - INFO - Toa do (9 phan tu dau):
[[0 0]
 [1 0]
 [2 0]
 [3 0]
 [4 0]
 [5 0]
 [6 0]
 [7 0]
 [8 0]]
2025-01-15 11:35:36,194 - INFO - Manh cua W (9x9 phan tu dau):
[[1.         0.99501248 0.98019867 0.95599748 0.92311635 0.8824969
  0.83527021 0.78270454 0.72614904]
 [0.99501248 1.         0.99501248 0.98019867 0.95599748 0.92311635
  0.8824969  0.83527021 0.78270454]
 [0.98019867 0.99501248 1.         0.99501248 0.98019867 0.95599748
  0.92311635 0.8824969  0.83527021]
 [0.95599748 0.98019867 0.99501248 1.         0.99501248 0.98019867
  0.95599748 0.92311635 0.8824969 ]
 [0.92311635 0.95599748 0.98019867 0.99501248 1.         0.99501248
  0.98019867 0.95599748 0.92311635]
 [0.8824969  0.92311635 0.95599748 0.98019867 0.99501248 1.
  0.99501248 0.98019867 0.95599748]
 [0.83527021 0.8824969  0.92311635 0.95599748 0.98019867 0.99501248
  1.         0.99501248 0.98019867]
 [0.78270454 0.83527021 0.8824969  0.92311635 0.95599748 0.98019867
  0.99501248 1.         0.99501248]
 [0.72614904 0.78270454 0.83527021 0.8824969  0.92311635 0.95599748
  0.98019867 0.99501248 1.        ]]
2025-01-15 11:35:36,194 - INFO - Dang tinh toan ma tran Laplace...
2025-01-15 11:35:36,222 - INFO - Dang tinh vector rieng...
2025-01-15 11:35:40,217 - INFO - Dang phan vung do thi...
2025-01-15 11:35:40,218 - INFO - Mau cua vector rieng (9 hang dau):
[[-0.00107995 -0.00075352]
 [-0.00107995 -0.00075352]
 [-0.00107995 -0.00075352]
 [-0.00107995 -0.00075351]
 [-0.00107995 -0.00075351]
 [-0.00107995 -0.00075351]
 [-0.00107995 -0.00075351]
 [-0.00107995 -0.00075351]
 [-0.00107995 -0.00075351]]
2025-01-15 11:35:40,222 - INFO - Nhan gan cho 27 pixel dau tien: [1 1 1 1 1 1 1 1 1 1 1 1 1 1 1 1 1 1 1 1 1 1 1 1 1 1 1]
2025-01-15 11:35:40,223 - INFO - Dang hien thi ket qua...
2025-01-15 11:35:40,223 - INFO - Thoi gian: 4.592341423034668 giay
