2025-01-22 13:23:23,029 - INFO - Dang tinh toan ma tran trong so...
2025-01-22 13:23:23,029 - INFO - Kich thuoc anh: 59x60x3
2025-01-22 13:23:23,029 - INFO - Kich thuoc dac trung mau: (3540, 3), Kich thuoc toa do: (3540, 2)
2025-01-22 13:23:23,036 - INFO - Dac trung mau:
[[1. 1. 1.]
 [1. 1. 1.]
 [1. 1. 1.]
 [1. 1. 1.]
 [1. 1. 1.]
 [1. 1. 1.]
 [1. 1. 1.]
 [1. 1. 1.]
 [1. 1. 1.]]
2025-01-22 13:23:23,036 - INFO - Toa do:
[[0 0]
 [1 0]
 [2 0]
 [3 0]
 [4 0]
 [5 0]
 [6 0]
 [7 0]
 [8 0]]
2025-01-22 13:23:23,777 - INFO - Kich thuoc ma tran trong so (W): (3540, 3540)
2025-01-22 13:23:23,777 - INFO - Kich thuoc ma tran thua (W_sparse): (3540, 3540)
2025-01-22 13:23:23,777 - INFO - So luong phan tu khac 0: 12531600
2025-01-22 13:23:23,781 - INFO - Mau cua W_features (9x9 phan tu dau):
[[1. 1. 1. 1. 1. 1. 1. 1. 1.]
 [1. 1. 1. 1. 1. 1. 1. 1. 1.]
 [1. 1. 1. 1. 1. 1. 1. 1. 1.]
 [1. 1. 1. 1. 1. 1. 1. 1. 1.]
 [1. 1. 1. 1. 1. 1. 1. 1. 1.]
 [1. 1. 1. 1. 1. 1. 1. 1. 1.]
 [1. 1. 1. 1. 1. 1. 1. 1. 1.]
 [1. 1. 1. 1. 1. 1. 1. 1. 1.]
 [1. 1. 1. 1. 1. 1. 1. 1. 1.]]
2025-01-22 13:23:23,781 - INFO - Mau cua W_coords (9x9 phan tu dau):
[[1.         0.99501248 0.98019867 0.95599748 0.92311635 0.8824969
  0.83527021 0.78270454 0.72614904]
 [0.99501248 1.         0.99501248 0.98019867 0.95599748 0.92311635
  0.8824969  0.83527021 0.78270454]
 [0.98019867 0.99501248 1.         0.99501248 0.98019867 0.95599748
  0.92311635 0.8824969  0.83527021]
 [0.95599748 0.98019867 0.99501248 1.         0.99501248 0.98019867
  0.95599748 0.92311635 0.8824969 ]
 [0.92311635 0.95599748 0.98019867 0.99501248 1.         0.99501248
  0.98019867 0.95599748 0.92311635]
 [0.8824969  0.92311635 0.95599748 0.98019867 0.99501248 1.
  0.99501248 0.98019867 0.95599748]
 [0.83527021 0.8824969  0.92311635 0.95599748 0.98019867 0.99501248
  1.         0.99501248 0.98019867]
 [0.78270454 0.83527021 0.8824969  0.92311635 0.95599748 0.98019867
  0.99501248 1.         0.99501248]
 [0.72614904 0.78270454 0.83527021 0.8824969  0.92311635 0.95599748
  0.98019867 0.99501248 1.        ]]
2025-01-22 13:23:23,781 - INFO - Mau cua W (9x9 phan tu dau):
[[1.         0.99501248 0.98019867 0.95599748 0.92311635 0.8824969
  0.83527021 0.78270454 0.72614904]
 [0.99501248 1.         0.99501248 0.98019867 0.95599748 0.92311635
  0.8824969  0.83527021 0.78270454]
 [0.98019867 0.99501248 1.         0.99501248 0.98019867 0.95599748
  0.92311635 0.8824969  0.83527021]
 [0.95599748 0.98019867 0.99501248 1.         0.99501248 0.98019867
  0.95599748 0.92311635 0.8824969 ]
 [0.92311635 0.95599748 0.98019867 0.99501248 1.         0.99501248
  0.98019867 0.95599748 0.92311635]
 [0.8824969  0.92311635 0.95599748 0.98019867 0.99501248 1.
  0.99501248 0.98019867 0.95599748]
 [0.83527021 0.8824969  0.92311635 0.95599748 0.98019867 0.99501248
  1.         0.99501248 0.98019867]
 [0.78270454 0.83527021 0.8824969  0.92311635 0.95599748 0.98019867
  0.99501248 1.         0.99501248]
 [0.72614904 0.78270454 0.83527021 0.8824969  0.92311635 0.95599748
  0.98019867 0.99501248 1.        ]]
2025-01-22 13:23:23,781 - INFO - Dang tinh toan ma tran Laplace...
2025-01-22 13:23:31,741 - INFO - Kich thuoc ma tran duong cheo (D): (3540, 3540)
2025-01-22 13:23:31,741 - INFO - Mau cua D (9 phan tu dau):
[163.13126415 175.79777432 188.31179917 200.55355293 212.41060097
 223.78066425 234.57388706 244.71447619 254.14166125]
2025-01-22 13:23:31,741 - INFO - Kich thuoc ma tran Laplace (L): (3540, 3540)
2025-01-22 13:23:31,741 - INFO - Mau cua L (9x9 phan tu dau):
[[162.13126415  -0.99501248  -0.98019867  -0.95599748  -0.92311635
   -0.8824969   -0.83527021  -0.78270454  -0.72614904]
 [ -0.99501248 174.79777432  -0.99501248  -0.98019867  -0.95599748
   -0.92311635  -0.8824969   -0.83527021  -0.78270454]
 [ -0.98019867  -0.99501248 187.31179917  -0.99501248  -0.98019867
   -0.95599748  -0.92311635  -0.8824969   -0.83527021]
 [ -0.95599748  -0.98019867  -0.99501248 199.55355293  -0.99501248
   -0.98019867  -0.95599748  -0.92311635  -0.8824969 ]
 [ -0.92311635  -0.95599748  -0.98019867  -0.99501248 211.41060097
   -0.99501248  -0.98019867  -0.95599748  -0.92311635]
 [ -0.8824969   -0.92311635  -0.95599748  -0.98019867  -0.99501248
  222.78066425  -0.99501248  -0.98019867  -0.95599748]
 [ -0.83527021  -0.8824969   -0.92311635  -0.95599748  -0.98019867
   -0.99501248 233.57388706  -0.99501248  -0.98019867]
 [ -0.78270454  -0.83527021  -0.8824969   -0.92311635  -0.95599748
   -0.98019867  -0.99501248 243.71447619  -0.99501248]
 [ -0.72614904  -0.78270454  -0.83527021  -0.8824969   -0.92311635
   -0.95599748  -0.98019867  -0.99501248 253.14166125]]
2025-01-22 13:23:31,746 - INFO - Dang tinh vector rieng...
2025-01-22 13:23:36,576 - INFO - Dang phan vung do thi...
2025-01-22 13:23:36,577 - INFO - Mau cua vector rieng (9 hang dau):
[[-0.01680732  0.01421284]
 [-0.01680732  0.01421278]
 [-0.01680732  0.01421273]
 [-0.01680732  0.01421268]
 [-0.01680732  0.01421264]
 [-0.01680732  0.0142126 ]
 [-0.01680732  0.01421256]
 [-0.01680732  0.01421252]
 [-0.01680732  0.01421248]]
2025-01-22 13:23:36,797 - INFO - Nhan gan cho 27 pixel dau tien: [1 1 1 1 1 1 1 1 1 1 1 1 1 1 1 1 1 1 1 1 1 1 1 1 1 1 1]
2025-01-22 13:23:36,797 - INFO - Dang hien thi ket qua...
2025-01-22 13:23:36,797 - INFO - Thoi gian: 15.450640201568604 giay
2025-01-22 13:23:38,517 - INFO - Dang tinh toan ma tran trong so...
2025-01-22 13:23:38,519 - INFO - Kich thuoc anh: 59x60x3
2025-01-22 13:23:38,519 - INFO - Kich thuoc dac trung mau: (3540, 3), Kich thuoc toa do: (3540, 2)
2025-01-22 13:23:38,519 - INFO - Dac trung mau:
[[1. 1. 1.]
 [1. 1. 1.]
 [1. 1. 1.]
 [1. 1. 1.]
 [1. 1. 1.]
 [1. 1. 1.]
 [1. 1. 1.]
 [1. 1. 1.]
 [1. 1. 1.]]
2025-01-22 13:23:38,519 - INFO - Toa do:
[[0 0]
 [1 0]
 [2 0]
 [3 0]
 [4 0]
 [5 0]
 [6 0]
 [7 0]
 [8 0]]
2025-01-22 13:23:39,118 - INFO - Kich thuoc ma tran trong so (W): (3540, 3540)
2025-01-22 13:23:39,118 - INFO - Kich thuoc ma tran thua (W_sparse): (3540, 3540)
2025-01-22 13:23:39,118 - INFO - So luong phan tu khac 0: 12531600
2025-01-22 13:23:39,120 - INFO - Mau cua W_features (9x9 phan tu dau):
[[1. 1. 1. 1. 1. 1. 1. 1. 1.]
 [1. 1. 1. 1. 1. 1. 1. 1. 1.]
 [1. 1. 1. 1. 1. 1. 1. 1. 1.]
 [1. 1. 1. 1. 1. 1. 1. 1. 1.]
 [1. 1. 1. 1. 1. 1. 1. 1. 1.]
 [1. 1. 1. 1. 1. 1. 1. 1. 1.]
 [1. 1. 1. 1. 1. 1. 1. 1. 1.]
 [1. 1. 1. 1. 1. 1. 1. 1. 1.]
 [1. 1. 1. 1. 1. 1. 1. 1. 1.]]
2025-01-22 13:23:39,120 - INFO - Mau cua W_coords (9x9 phan tu dau):
[[1.         0.99501248 0.98019867 0.95599748 0.92311635 0.8824969
  0.83527021 0.78270454 0.72614904]
 [0.99501248 1.         0.99501248 0.98019867 0.95599748 0.92311635
  0.8824969  0.83527021 0.78270454]
 [0.98019867 0.99501248 1.         0.99501248 0.98019867 0.95599748
  0.92311635 0.8824969  0.83527021]
 [0.95599748 0.98019867 0.99501248 1.         0.99501248 0.98019867
  0.95599748 0.92311635 0.8824969 ]
 [0.92311635 0.95599748 0.98019867 0.99501248 1.         0.99501248
  0.98019867 0.95599748 0.92311635]
 [0.8824969  0.92311635 0.95599748 0.98019867 0.99501248 1.
  0.99501248 0.98019867 0.95599748]
 [0.83527021 0.8824969  0.92311635 0.95599748 0.98019867 0.99501248
  1.         0.99501248 0.98019867]
 [0.78270454 0.83527021 0.8824969  0.92311635 0.95599748 0.98019867
  0.99501248 1.         0.99501248]
 [0.72614904 0.78270454 0.83527021 0.8824969  0.92311635 0.95599748
  0.98019867 0.99501248 1.        ]]
2025-01-22 13:23:39,120 - INFO - Mau cua W (9x9 phan tu dau):
[[1.         0.99501248 0.98019867 0.95599748 0.92311635 0.8824969
  0.83527021 0.78270454 0.72614904]
 [0.99501248 1.         0.99501248 0.98019867 0.95599748 0.92311635
  0.8824969  0.83527021 0.78270454]
 [0.98019867 0.99501248 1.         0.99501248 0.98019867 0.95599748
  0.92311635 0.8824969  0.83527021]
 [0.95599748 0.98019867 0.99501248 1.         0.99501248 0.98019867
  0.95599748 0.92311635 0.8824969 ]
 [0.92311635 0.95599748 0.98019867 0.99501248 1.         0.99501248
  0.98019867 0.95599748 0.92311635]
 [0.8824969  0.92311635 0.95599748 0.98019867 0.99501248 1.
  0.99501248 0.98019867 0.95599748]
 [0.83527021 0.8824969  0.92311635 0.95599748 0.98019867 0.99501248
  1.         0.99501248 0.98019867]
 [0.78270454 0.83527021 0.8824969  0.92311635 0.95599748 0.98019867
  0.99501248 1.         0.99501248]
 [0.72614904 0.78270454 0.83527021 0.8824969  0.92311635 0.95599748
  0.98019867 0.99501248 1.        ]]
2025-01-22 13:23:39,120 - INFO - Dang tinh toan ma tran Laplace...
2025-01-22 13:23:40,282 - INFO - Kich thuoc ma tran duong cheo (D): (3540, 3540)
2025-01-22 13:23:40,282 - INFO - Mau cua D (9 phan tu dau):
[163.13126415 175.79777432 188.31179917 200.55355293 212.41060097
 223.78066425 234.57388706 244.71447619 254.14166125]
2025-01-22 13:23:40,282 - INFO - Kich thuoc ma tran Laplace (L): (3540, 3540)
2025-01-22 13:23:40,282 - INFO - Mau cua L (9x9 phan tu dau):
[[162.13126415  -0.99501248  -0.98019867  -0.95599748  -0.92311635
   -0.8824969   -0.83527021  -0.78270454  -0.72614904]
 [ -0.99501248 174.79777432  -0.99501248  -0.98019867  -0.95599748
   -0.92311635  -0.8824969   -0.83527021  -0.78270454]
 [ -0.98019867  -0.99501248 187.31179917  -0.99501248  -0.98019867
   -0.95599748  -0.92311635  -0.8824969   -0.83527021]
 [ -0.95599748  -0.98019867  -0.99501248 199.55355293  -0.99501248
   -0.98019867  -0.95599748  -0.92311635  -0.8824969 ]
 [ -0.92311635  -0.95599748  -0.98019867  -0.99501248 211.41060097
   -0.99501248  -0.98019867  -0.95599748  -0.92311635]
 [ -0.8824969   -0.92311635  -0.95599748  -0.98019867  -0.99501248
  222.78066425  -0.99501248  -0.98019867  -0.95599748]
 [ -0.83527021  -0.8824969   -0.92311635  -0.95599748  -0.98019867
   -0.99501248 233.57388706  -0.99501248  -0.98019867]
 [ -0.78270454  -0.83527021  -0.8824969   -0.92311635  -0.95599748
   -0.98019867  -0.99501248 243.71447619  -0.99501248]
 [ -0.72614904  -0.78270454  -0.83527021  -0.8824969   -0.92311635
   -0.95599748  -0.98019867  -0.99501248 253.14166125]]
2025-01-22 13:23:40,379 - INFO - Dang tinh vector rieng...
2025-01-22 13:23:44,458 - INFO - Dang phan vung do thi...
2025-01-22 13:23:44,458 - INFO - Mau cua vector rieng (9 hang dau):
[[-0.01680732  0.01421284]
 [-0.01680732  0.01421278]
 [-0.01680732  0.01421273]
 [-0.01680732  0.01421268]
 [-0.01680732  0.01421264]
 [-0.01680732  0.0142126 ]
 [-0.01680732  0.01421256]
 [-0.01680732  0.01421252]
 [-0.01680732  0.01421248]]
2025-01-22 13:23:44,465 - INFO - Nhan gan cho 27 pixel dau tien: [1 1 1 1 1 1 1 1 1 1 1 1 1 1 1 1 1 1 1 1 1 1 1 1 1 1 1]
2025-01-22 13:23:44,465 - INFO - Dang hien thi ket qua...
2025-01-22 13:23:44,465 - INFO - Thoi gian: 5.981528997421265 giay
2025-01-22 13:23:45,546 - INFO - Dang tinh toan ma tran trong so...
2025-01-22 13:23:45,548 - INFO - Kich thuoc anh: 59x60x3
2025-01-22 13:23:45,548 - INFO - Kich thuoc dac trung mau: (3540, 3), Kich thuoc toa do: (3540, 2)
2025-01-22 13:23:45,548 - INFO - Dac trung mau:
[[1. 1. 1.]
 [1. 1. 1.]
 [1. 1. 1.]
 [1. 1. 1.]
 [1. 1. 1.]
 [1. 1. 1.]
 [1. 1. 1.]
 [1. 1. 1.]
 [1. 1. 1.]]
2025-01-22 13:23:45,548 - INFO - Toa do:
[[0 0]
 [1 0]
 [2 0]
 [3 0]
 [4 0]
 [5 0]
 [6 0]
 [7 0]
 [8 0]]
2025-01-22 13:23:46,138 - INFO - Kich thuoc ma tran trong so (W): (3540, 3540)
2025-01-22 13:23:46,138 - INFO - Kich thuoc ma tran thua (W_sparse): (3540, 3540)
2025-01-22 13:23:46,138 - INFO - So luong phan tu khac 0: 12531600
2025-01-22 13:23:46,138 - INFO - Mau cua W_features (9x9 phan tu dau):
[[1. 1. 1. 1. 1. 1. 1. 1. 1.]
 [1. 1. 1. 1. 1. 1. 1. 1. 1.]
 [1. 1. 1. 1. 1. 1. 1. 1. 1.]
 [1. 1. 1. 1. 1. 1. 1. 1. 1.]
 [1. 1. 1. 1. 1. 1. 1. 1. 1.]
 [1. 1. 1. 1. 1. 1. 1. 1. 1.]
 [1. 1. 1. 1. 1. 1. 1. 1. 1.]
 [1. 1. 1. 1. 1. 1. 1. 1. 1.]
 [1. 1. 1. 1. 1. 1. 1. 1. 1.]]
2025-01-22 13:23:46,138 - INFO - Mau cua W_coords (9x9 phan tu dau):
[[1.         0.99501248 0.98019867 0.95599748 0.92311635 0.8824969
  0.83527021 0.78270454 0.72614904]
 [0.99501248 1.         0.99501248 0.98019867 0.95599748 0.92311635
  0.8824969  0.83527021 0.78270454]
 [0.98019867 0.99501248 1.         0.99501248 0.98019867 0.95599748
  0.92311635 0.8824969  0.83527021]
 [0.95599748 0.98019867 0.99501248 1.         0.99501248 0.98019867
  0.95599748 0.92311635 0.8824969 ]
 [0.92311635 0.95599748 0.98019867 0.99501248 1.         0.99501248
  0.98019867 0.95599748 0.92311635]
 [0.8824969  0.92311635 0.95599748 0.98019867 0.99501248 1.
  0.99501248 0.98019867 0.95599748]
 [0.83527021 0.8824969  0.92311635 0.95599748 0.98019867 0.99501248
  1.         0.99501248 0.98019867]
 [0.78270454 0.83527021 0.8824969  0.92311635 0.95599748 0.98019867
  0.99501248 1.         0.99501248]
 [0.72614904 0.78270454 0.83527021 0.8824969  0.92311635 0.95599748
  0.98019867 0.99501248 1.        ]]
2025-01-22 13:23:46,143 - INFO - Mau cua W (9x9 phan tu dau):
[[1.         0.99501248 0.98019867 0.95599748 0.92311635 0.8824969
  0.83527021 0.78270454 0.72614904]
 [0.99501248 1.         0.99501248 0.98019867 0.95599748 0.92311635
  0.8824969  0.83527021 0.78270454]
 [0.98019867 0.99501248 1.         0.99501248 0.98019867 0.95599748
  0.92311635 0.8824969  0.83527021]
 [0.95599748 0.98019867 0.99501248 1.         0.99501248 0.98019867
  0.95599748 0.92311635 0.8824969 ]
 [0.92311635 0.95599748 0.98019867 0.99501248 1.         0.99501248
  0.98019867 0.95599748 0.92311635]
 [0.8824969  0.92311635 0.95599748 0.98019867 0.99501248 1.
  0.99501248 0.98019867 0.95599748]
 [0.83527021 0.8824969  0.92311635 0.95599748 0.98019867 0.99501248
  1.         0.99501248 0.98019867]
 [0.78270454 0.83527021 0.8824969  0.92311635 0.95599748 0.98019867
  0.99501248 1.         0.99501248]
 [0.72614904 0.78270454 0.83527021 0.8824969  0.92311635 0.95599748
  0.98019867 0.99501248 1.        ]]
2025-01-22 13:23:46,145 - INFO - Dang tinh toan ma tran Laplace...
2025-01-22 13:23:47,293 - INFO - Kich thuoc ma tran duong cheo (D): (3540, 3540)
2025-01-22 13:23:47,293 - INFO - Mau cua D (9 phan tu dau):
[163.13126415 175.79777432 188.31179917 200.55355293 212.41060097
 223.78066425 234.57388706 244.71447619 254.14166125]
2025-01-22 13:23:47,296 - INFO - Kich thuoc ma tran Laplace (L): (3540, 3540)
2025-01-22 13:23:47,296 - INFO - Mau cua L (9x9 phan tu dau):
[[162.13126415  -0.99501248  -0.98019867  -0.95599748  -0.92311635
   -0.8824969   -0.83527021  -0.78270454  -0.72614904]
 [ -0.99501248 174.79777432  -0.99501248  -0.98019867  -0.95599748
   -0.92311635  -0.8824969   -0.83527021  -0.78270454]
 [ -0.98019867  -0.99501248 187.31179917  -0.99501248  -0.98019867
   -0.95599748  -0.92311635  -0.8824969   -0.83527021]
 [ -0.95599748  -0.98019867  -0.99501248 199.55355293  -0.99501248
   -0.98019867  -0.95599748  -0.92311635  -0.8824969 ]
 [ -0.92311635  -0.95599748  -0.98019867  -0.99501248 211.41060097
   -0.99501248  -0.98019867  -0.95599748  -0.92311635]
 [ -0.8824969   -0.92311635  -0.95599748  -0.98019867  -0.99501248
  222.78066425  -0.99501248  -0.98019867  -0.95599748]
 [ -0.83527021  -0.8824969   -0.92311635  -0.95599748  -0.98019867
   -0.99501248 233.57388706  -0.99501248  -0.98019867]
 [ -0.78270454  -0.83527021  -0.8824969   -0.92311635  -0.95599748
   -0.98019867  -0.99501248 243.71447619  -0.99501248]
 [ -0.72614904  -0.78270454  -0.83527021  -0.8824969   -0.92311635
   -0.95599748  -0.98019867  -0.99501248 253.14166125]]
2025-01-22 13:23:47,392 - INFO - Dang tinh vector rieng...
2025-01-22 13:23:51,368 - INFO - Dang phan vung do thi...
2025-01-22 13:23:51,368 - INFO - Mau cua vector rieng (9 hang dau):
[[-0.01680732  0.01421284]
 [-0.01680732  0.01421278]
 [-0.01680732  0.01421273]
 [-0.01680732  0.01421268]
 [-0.01680732  0.01421264]
 [-0.01680732  0.0142126 ]
 [-0.01680732  0.01421256]
 [-0.01680732  0.01421252]
 [-0.01680732  0.01421248]]
2025-01-22 13:23:51,375 - INFO - Nhan gan cho 27 pixel dau tien: [1 1 1 1 1 1 1 1 1 1 1 1 1 1 1 1 1 1 1 1 1 1 1 1 1 1 1]
2025-01-22 13:23:51,375 - INFO - Dang hien thi ket qua...
2025-01-22 13:23:51,375 - INFO - Thoi gian: 5.875095367431641 giay
2025-01-22 13:23:52,867 - INFO - Dang tinh toan ma tran trong so...
2025-01-22 13:23:52,867 - INFO - Kich thuoc anh: 59x60x3
2025-01-22 13:23:52,867 - INFO - Kich thuoc dac trung mau: (3540, 3), Kich thuoc toa do: (3540, 2)
2025-01-22 13:23:52,867 - INFO - Dac trung mau:
[[1. 1. 1.]
 [1. 1. 1.]
 [1. 1. 1.]
 [1. 1. 1.]
 [1. 1. 1.]
 [1. 1. 1.]
 [1. 1. 1.]
 [1. 1. 1.]
 [1. 1. 1.]]
2025-01-22 13:23:52,867 - INFO - Toa do:
[[0 0]
 [1 0]
 [2 0]
 [3 0]
 [4 0]
 [5 0]
 [6 0]
 [7 0]
 [8 0]]
2025-01-22 13:23:53,537 - INFO - Kich thuoc ma tran trong so (W): (3540, 3540)
2025-01-22 13:23:53,537 - INFO - Kich thuoc ma tran thua (W_sparse): (3540, 3540)
2025-01-22 13:23:53,537 - INFO - So luong phan tu khac 0: 12531600
2025-01-22 13:23:53,542 - INFO - Mau cua W_features (9x9 phan tu dau):
[[1. 1. 1. 1. 1. 1. 1. 1. 1.]
 [1. 1. 1. 1. 1. 1. 1. 1. 1.]
 [1. 1. 1. 1. 1. 1. 1. 1. 1.]
 [1. 1. 1. 1. 1. 1. 1. 1. 1.]
 [1. 1. 1. 1. 1. 1. 1. 1. 1.]
 [1. 1. 1. 1. 1. 1. 1. 1. 1.]
 [1. 1. 1. 1. 1. 1. 1. 1. 1.]
 [1. 1. 1. 1. 1. 1. 1. 1. 1.]
 [1. 1. 1. 1. 1. 1. 1. 1. 1.]]
2025-01-22 13:23:53,542 - INFO - Mau cua W_coords (9x9 phan tu dau):
[[1.         0.99501248 0.98019867 0.95599748 0.92311635 0.8824969
  0.83527021 0.78270454 0.72614904]
 [0.99501248 1.         0.99501248 0.98019867 0.95599748 0.92311635
  0.8824969  0.83527021 0.78270454]
 [0.98019867 0.99501248 1.         0.99501248 0.98019867 0.95599748
  0.92311635 0.8824969  0.83527021]
 [0.95599748 0.98019867 0.99501248 1.         0.99501248 0.98019867
  0.95599748 0.92311635 0.8824969 ]
 [0.92311635 0.95599748 0.98019867 0.99501248 1.         0.99501248
  0.98019867 0.95599748 0.92311635]
 [0.8824969  0.92311635 0.95599748 0.98019867 0.99501248 1.
  0.99501248 0.98019867 0.95599748]
 [0.83527021 0.8824969  0.92311635 0.95599748 0.98019867 0.99501248
  1.         0.99501248 0.98019867]
 [0.78270454 0.83527021 0.8824969  0.92311635 0.95599748 0.98019867
  0.99501248 1.         0.99501248]
 [0.72614904 0.78270454 0.83527021 0.8824969  0.92311635 0.95599748
  0.98019867 0.99501248 1.        ]]
2025-01-22 13:23:53,542 - INFO - Mau cua W (9x9 phan tu dau):
[[1.         0.99501248 0.98019867 0.95599748 0.92311635 0.8824969
  0.83527021 0.78270454 0.72614904]
 [0.99501248 1.         0.99501248 0.98019867 0.95599748 0.92311635
  0.8824969  0.83527021 0.78270454]
 [0.98019867 0.99501248 1.         0.99501248 0.98019867 0.95599748
  0.92311635 0.8824969  0.83527021]
 [0.95599748 0.98019867 0.99501248 1.         0.99501248 0.98019867
  0.95599748 0.92311635 0.8824969 ]
 [0.92311635 0.95599748 0.98019867 0.99501248 1.         0.99501248
  0.98019867 0.95599748 0.92311635]
 [0.8824969  0.92311635 0.95599748 0.98019867 0.99501248 1.
  0.99501248 0.98019867 0.95599748]
 [0.83527021 0.8824969  0.92311635 0.95599748 0.98019867 0.99501248
  1.         0.99501248 0.98019867]
 [0.78270454 0.83527021 0.8824969  0.92311635 0.95599748 0.98019867
  0.99501248 1.         0.99501248]
 [0.72614904 0.78270454 0.83527021 0.8824969  0.92311635 0.95599748
  0.98019867 0.99501248 1.        ]]
2025-01-22 13:23:53,542 - INFO - Dang tinh toan ma tran Laplace...
2025-01-22 13:23:54,705 - INFO - Kich thuoc ma tran duong cheo (D): (3540, 3540)
2025-01-22 13:23:54,705 - INFO - Mau cua D (9 phan tu dau):
[163.13126415 175.79777432 188.31179917 200.55355293 212.41060097
 223.78066425 234.57388706 244.71447619 254.14166125]
2025-01-22 13:23:54,705 - INFO - Kich thuoc ma tran Laplace (L): (3540, 3540)
2025-01-22 13:23:54,706 - INFO - Mau cua L (9x9 phan tu dau):
[[162.13126415  -0.99501248  -0.98019867  -0.95599748  -0.92311635
   -0.8824969   -0.83527021  -0.78270454  -0.72614904]
 [ -0.99501248 174.79777432  -0.99501248  -0.98019867  -0.95599748
   -0.92311635  -0.8824969   -0.83527021  -0.78270454]
 [ -0.98019867  -0.99501248 187.31179917  -0.99501248  -0.98019867
   -0.95599748  -0.92311635  -0.8824969   -0.83527021]
 [ -0.95599748  -0.98019867  -0.99501248 199.55355293  -0.99501248
   -0.98019867  -0.95599748  -0.92311635  -0.8824969 ]
 [ -0.92311635  -0.95599748  -0.98019867  -0.99501248 211.41060097
   -0.99501248  -0.98019867  -0.95599748  -0.92311635]
 [ -0.8824969   -0.92311635  -0.95599748  -0.98019867  -0.99501248
  222.78066425  -0.99501248  -0.98019867  -0.95599748]
 [ -0.83527021  -0.8824969   -0.92311635  -0.95599748  -0.98019867
   -0.99501248 233.57388706  -0.99501248  -0.98019867]
 [ -0.78270454  -0.83527021  -0.8824969   -0.92311635  -0.95599748
   -0.98019867  -0.99501248 243.71447619  -0.99501248]
 [ -0.72614904  -0.78270454  -0.83527021  -0.8824969   -0.92311635
   -0.95599748  -0.98019867  -0.99501248 253.14166125]]
2025-01-22 13:23:54,801 - INFO - Dang tinh vector rieng...
2025-01-22 13:23:58,878 - INFO - Dang phan vung do thi...
2025-01-22 13:23:58,878 - INFO - Mau cua vector rieng (9 hang dau):
[[0.01680732 0.01421284]
 [0.01680732 0.01421278]
 [0.01680732 0.01421273]
 [0.01680732 0.01421268]
 [0.01680732 0.01421264]
 [0.01680732 0.0142126 ]
 [0.01680732 0.01421256]
 [0.01680732 0.01421252]
 [0.01680732 0.01421248]]
2025-01-22 13:23:58,887 - INFO - Nhan gan cho 27 pixel dau tien: [1 1 1 1 1 1 1 1 1 1 1 1 1 1 1 1 1 1 1 1 1 1 1 1 1 1 1]
2025-01-22 13:23:58,887 - INFO - Dang hien thi ket qua...
2025-01-22 13:23:58,887 - INFO - Thoi gian: 6.069720268249512 giay
2025-01-22 13:24:00,798 - INFO - Dang tinh toan ma tran trong so...
2025-01-22 13:24:00,798 - INFO - Kich thuoc anh: 59x60x3
2025-01-22 13:24:00,798 - INFO - Kich thuoc dac trung mau: (3540, 3), Kich thuoc toa do: (3540, 2)
2025-01-22 13:24:00,803 - INFO - Dac trung mau:
[[1. 1. 1.]
 [1. 1. 1.]
 [1. 1. 1.]
 [1. 1. 1.]
 [1. 1. 1.]
 [1. 1. 1.]
 [1. 1. 1.]
 [1. 1. 1.]
 [1. 1. 1.]]
2025-01-22 13:24:00,803 - INFO - Toa do:
[[0 0]
 [1 0]
 [2 0]
 [3 0]
 [4 0]
 [5 0]
 [6 0]
 [7 0]
 [8 0]]
2025-01-22 13:24:01,528 - INFO - Kich thuoc ma tran trong so (W): (3540, 3540)
2025-01-22 13:24:01,531 - INFO - Kich thuoc ma tran thua (W_sparse): (3540, 3540)
2025-01-22 13:24:01,531 - INFO - So luong phan tu khac 0: 12531600
2025-01-22 13:24:01,531 - INFO - Mau cua W_features (9x9 phan tu dau):
[[1. 1. 1. 1. 1. 1. 1. 1. 1.]
 [1. 1. 1. 1. 1. 1. 1. 1. 1.]
 [1. 1. 1. 1. 1. 1. 1. 1. 1.]
 [1. 1. 1. 1. 1. 1. 1. 1. 1.]
 [1. 1. 1. 1. 1. 1. 1. 1. 1.]
 [1. 1. 1. 1. 1. 1. 1. 1. 1.]
 [1. 1. 1. 1. 1. 1. 1. 1. 1.]
 [1. 1. 1. 1. 1. 1. 1. 1. 1.]
 [1. 1. 1. 1. 1. 1. 1. 1. 1.]]
2025-01-22 13:24:01,533 - INFO - Mau cua W_coords (9x9 phan tu dau):
[[1.         0.99501248 0.98019867 0.95599748 0.92311635 0.8824969
  0.83527021 0.78270454 0.72614904]
 [0.99501248 1.         0.99501248 0.98019867 0.95599748 0.92311635
  0.8824969  0.83527021 0.78270454]
 [0.98019867 0.99501248 1.         0.99501248 0.98019867 0.95599748
  0.92311635 0.8824969  0.83527021]
 [0.95599748 0.98019867 0.99501248 1.         0.99501248 0.98019867
  0.95599748 0.92311635 0.8824969 ]
 [0.92311635 0.95599748 0.98019867 0.99501248 1.         0.99501248
  0.98019867 0.95599748 0.92311635]
 [0.8824969  0.92311635 0.95599748 0.98019867 0.99501248 1.
  0.99501248 0.98019867 0.95599748]
 [0.83527021 0.8824969  0.92311635 0.95599748 0.98019867 0.99501248
  1.         0.99501248 0.98019867]
 [0.78270454 0.83527021 0.8824969  0.92311635 0.95599748 0.98019867
  0.99501248 1.         0.99501248]
 [0.72614904 0.78270454 0.83527021 0.8824969  0.92311635 0.95599748
  0.98019867 0.99501248 1.        ]]
2025-01-22 13:24:01,533 - INFO - Mau cua W (9x9 phan tu dau):
[[1.         0.99501248 0.98019867 0.95599748 0.92311635 0.8824969
  0.83527021 0.78270454 0.72614904]
 [0.99501248 1.         0.99501248 0.98019867 0.95599748 0.92311635
  0.8824969  0.83527021 0.78270454]
 [0.98019867 0.99501248 1.         0.99501248 0.98019867 0.95599748
  0.92311635 0.8824969  0.83527021]
 [0.95599748 0.98019867 0.99501248 1.         0.99501248 0.98019867
  0.95599748 0.92311635 0.8824969 ]
 [0.92311635 0.95599748 0.98019867 0.99501248 1.         0.99501248
  0.98019867 0.95599748 0.92311635]
 [0.8824969  0.92311635 0.95599748 0.98019867 0.99501248 1.
  0.99501248 0.98019867 0.95599748]
 [0.83527021 0.8824969  0.92311635 0.95599748 0.98019867 0.99501248
  1.         0.99501248 0.98019867]
 [0.78270454 0.83527021 0.8824969  0.92311635 0.95599748 0.98019867
  0.99501248 1.         0.99501248]
 [0.72614904 0.78270454 0.83527021 0.8824969  0.92311635 0.95599748
  0.98019867 0.99501248 1.        ]]
2025-01-22 13:24:01,535 - INFO - Dang tinh toan ma tran Laplace...
2025-01-22 13:24:02,700 - INFO - Kich thuoc ma tran duong cheo (D): (3540, 3540)
2025-01-22 13:24:02,700 - INFO - Mau cua D (9 phan tu dau):
[163.13126415 175.79777432 188.31179917 200.55355293 212.41060097
 223.78066425 234.57388706 244.71447619 254.14166125]
2025-01-22 13:24:02,700 - INFO - Kich thuoc ma tran Laplace (L): (3540, 3540)
2025-01-22 13:24:02,700 - INFO - Mau cua L (9x9 phan tu dau):
[[162.13126415  -0.99501248  -0.98019867  -0.95599748  -0.92311635
   -0.8824969   -0.83527021  -0.78270454  -0.72614904]
 [ -0.99501248 174.79777432  -0.99501248  -0.98019867  -0.95599748
   -0.92311635  -0.8824969   -0.83527021  -0.78270454]
 [ -0.98019867  -0.99501248 187.31179917  -0.99501248  -0.98019867
   -0.95599748  -0.92311635  -0.8824969   -0.83527021]
 [ -0.95599748  -0.98019867  -0.99501248 199.55355293  -0.99501248
   -0.98019867  -0.95599748  -0.92311635  -0.8824969 ]
 [ -0.92311635  -0.95599748  -0.98019867  -0.99501248 211.41060097
   -0.99501248  -0.98019867  -0.95599748  -0.92311635]
 [ -0.8824969   -0.92311635  -0.95599748  -0.98019867  -0.99501248
  222.78066425  -0.99501248  -0.98019867  -0.95599748]
 [ -0.83527021  -0.8824969   -0.92311635  -0.95599748  -0.98019867
   -0.99501248 233.57388706  -0.99501248  -0.98019867]
 [ -0.78270454  -0.83527021  -0.8824969   -0.92311635  -0.95599748
   -0.98019867  -0.99501248 243.71447619  -0.99501248]
 [ -0.72614904  -0.78270454  -0.83527021  -0.8824969   -0.92311635
   -0.95599748  -0.98019867  -0.99501248 253.14166125]]
2025-01-22 13:24:02,795 - INFO - Dang tinh vector rieng...
2025-01-22 13:24:06,733 - INFO - Dang phan vung do thi...
2025-01-22 13:24:06,733 - INFO - Mau cua vector rieng (9 hang dau):
[[-0.01680732 -0.01421284]
 [-0.01680732 -0.01421278]
 [-0.01680732 -0.01421273]
 [-0.01680732 -0.01421268]
 [-0.01680732 -0.01421264]
 [-0.01680732 -0.0142126 ]
 [-0.01680732 -0.01421256]
 [-0.01680732 -0.01421252]
 [-0.01680732 -0.01421248]]
2025-01-22 13:24:06,741 - INFO - Nhan gan cho 27 pixel dau tien: [1 1 1 1 1 1 1 1 1 1 1 1 1 1 1 1 1 1 1 1 1 1 1 1 1 1 1]
2025-01-22 13:24:06,741 - INFO - Dang hien thi ket qua...
2025-01-22 13:24:06,741 - INFO - Thoi gian: 5.992010593414307 giay
2025-01-22 13:24:08,137 - INFO - Dang tinh toan ma tran trong so...
2025-01-22 13:24:08,137 - INFO - Kich thuoc anh: 59x60x3
2025-01-22 13:24:08,137 - INFO - Kich thuoc dac trung mau: (3540, 3), Kich thuoc toa do: (3540, 2)
2025-01-22 13:24:08,141 - INFO - Dac trung mau:
[[1. 1. 1.]
 [1. 1. 1.]
 [1. 1. 1.]
 [1. 1. 1.]
 [1. 1. 1.]
 [1. 1. 1.]
 [1. 1. 1.]
 [1. 1. 1.]
 [1. 1. 1.]]
2025-01-22 13:24:08,141 - INFO - Toa do:
[[0 0]
 [1 0]
 [2 0]
 [3 0]
 [4 0]
 [5 0]
 [6 0]
 [7 0]
 [8 0]]
2025-01-22 13:24:08,787 - INFO - Kich thuoc ma tran trong so (W): (3540, 3540)
2025-01-22 13:24:08,787 - INFO - Kich thuoc ma tran thua (W_sparse): (3540, 3540)
2025-01-22 13:24:08,787 - INFO - So luong phan tu khac 0: 12531600
2025-01-22 13:24:08,790 - INFO - Mau cua W_features (9x9 phan tu dau):
[[1. 1. 1. 1. 1. 1. 1. 1. 1.]
 [1. 1. 1. 1. 1. 1. 1. 1. 1.]
 [1. 1. 1. 1. 1. 1. 1. 1. 1.]
 [1. 1. 1. 1. 1. 1. 1. 1. 1.]
 [1. 1. 1. 1. 1. 1. 1. 1. 1.]
 [1. 1. 1. 1. 1. 1. 1. 1. 1.]
 [1. 1. 1. 1. 1. 1. 1. 1. 1.]
 [1. 1. 1. 1. 1. 1. 1. 1. 1.]
 [1. 1. 1. 1. 1. 1. 1. 1. 1.]]
2025-01-22 13:24:08,790 - INFO - Mau cua W_coords (9x9 phan tu dau):
[[1.         0.99501248 0.98019867 0.95599748 0.92311635 0.8824969
  0.83527021 0.78270454 0.72614904]
 [0.99501248 1.         0.99501248 0.98019867 0.95599748 0.92311635
  0.8824969  0.83527021 0.78270454]
 [0.98019867 0.99501248 1.         0.99501248 0.98019867 0.95599748
  0.92311635 0.8824969  0.83527021]
 [0.95599748 0.98019867 0.99501248 1.         0.99501248 0.98019867
  0.95599748 0.92311635 0.8824969 ]
 [0.92311635 0.95599748 0.98019867 0.99501248 1.         0.99501248
  0.98019867 0.95599748 0.92311635]
 [0.8824969  0.92311635 0.95599748 0.98019867 0.99501248 1.
  0.99501248 0.98019867 0.95599748]
 [0.83527021 0.8824969  0.92311635 0.95599748 0.98019867 0.99501248
  1.         0.99501248 0.98019867]
 [0.78270454 0.83527021 0.8824969  0.92311635 0.95599748 0.98019867
  0.99501248 1.         0.99501248]
 [0.72614904 0.78270454 0.83527021 0.8824969  0.92311635 0.95599748
  0.98019867 0.99501248 1.        ]]
2025-01-22 13:24:08,790 - INFO - Mau cua W (9x9 phan tu dau):
[[1.         0.99501248 0.98019867 0.95599748 0.92311635 0.8824969
  0.83527021 0.78270454 0.72614904]
 [0.99501248 1.         0.99501248 0.98019867 0.95599748 0.92311635
  0.8824969  0.83527021 0.78270454]
 [0.98019867 0.99501248 1.         0.99501248 0.98019867 0.95599748
  0.92311635 0.8824969  0.83527021]
 [0.95599748 0.98019867 0.99501248 1.         0.99501248 0.98019867
  0.95599748 0.92311635 0.8824969 ]
 [0.92311635 0.95599748 0.98019867 0.99501248 1.         0.99501248
  0.98019867 0.95599748 0.92311635]
 [0.8824969  0.92311635 0.95599748 0.98019867 0.99501248 1.
  0.99501248 0.98019867 0.95599748]
 [0.83527021 0.8824969  0.92311635 0.95599748 0.98019867 0.99501248
  1.         0.99501248 0.98019867]
 [0.78270454 0.83527021 0.8824969  0.92311635 0.95599748 0.98019867
  0.99501248 1.         0.99501248]
 [0.72614904 0.78270454 0.83527021 0.8824969  0.92311635 0.95599748
  0.98019867 0.99501248 1.        ]]
2025-01-22 13:24:08,790 - INFO - Dang tinh toan ma tran Laplace...
2025-01-22 13:24:09,957 - INFO - Kich thuoc ma tran duong cheo (D): (3540, 3540)
2025-01-22 13:24:09,957 - INFO - Mau cua D (9 phan tu dau):
[163.13126415 175.79777432 188.31179917 200.55355293 212.41060097
 223.78066425 234.57388706 244.71447619 254.14166125]
2025-01-22 13:24:09,957 - INFO - Kich thuoc ma tran Laplace (L): (3540, 3540)
2025-01-22 13:24:09,958 - INFO - Mau cua L (9x9 phan tu dau):
[[162.13126415  -0.99501248  -0.98019867  -0.95599748  -0.92311635
   -0.8824969   -0.83527021  -0.78270454  -0.72614904]
 [ -0.99501248 174.79777432  -0.99501248  -0.98019867  -0.95599748
   -0.92311635  -0.8824969   -0.83527021  -0.78270454]
 [ -0.98019867  -0.99501248 187.31179917  -0.99501248  -0.98019867
   -0.95599748  -0.92311635  -0.8824969   -0.83527021]
 [ -0.95599748  -0.98019867  -0.99501248 199.55355293  -0.99501248
   -0.98019867  -0.95599748  -0.92311635  -0.8824969 ]
 [ -0.92311635  -0.95599748  -0.98019867  -0.99501248 211.41060097
   -0.99501248  -0.98019867  -0.95599748  -0.92311635]
 [ -0.8824969   -0.92311635  -0.95599748  -0.98019867  -0.99501248
  222.78066425  -0.99501248  -0.98019867  -0.95599748]
 [ -0.83527021  -0.8824969   -0.92311635  -0.95599748  -0.98019867
   -0.99501248 233.57388706  -0.99501248  -0.98019867]
 [ -0.78270454  -0.83527021  -0.8824969   -0.92311635  -0.95599748
   -0.98019867  -0.99501248 243.71447619  -0.99501248]
 [ -0.72614904  -0.78270454  -0.83527021  -0.8824969   -0.92311635
   -0.95599748  -0.98019867  -0.99501248 253.14166125]]
2025-01-22 13:24:10,057 - INFO - Dang tinh vector rieng...
2025-01-22 13:24:14,006 - INFO - Dang phan vung do thi...
2025-01-22 13:24:14,006 - INFO - Mau cua vector rieng (9 hang dau):
[[-0.01680732  0.01421284]
 [-0.01680732  0.01421278]
 [-0.01680732  0.01421273]
 [-0.01680732  0.01421268]
 [-0.01680732  0.01421264]
 [-0.01680732  0.0142126 ]
 [-0.01680732  0.01421256]
 [-0.01680732  0.01421252]
 [-0.01680732  0.01421248]]
2025-01-22 13:24:14,009 - INFO - Nhan gan cho 27 pixel dau tien: [1 1 1 1 1 1 1 1 1 1 1 1 1 1 1 1 1 1 1 1 1 1 1 1 1 1 1]
2025-01-22 13:24:14,009 - INFO - Dang hien thi ket qua...
2025-01-22 13:24:14,009 - INFO - Thoi gian: 5.9081480503082275 giay
2025-01-22 13:24:17,317 - INFO - Dang tinh toan ma tran trong so...
2025-01-22 13:24:17,320 - INFO - Kich thuoc anh: 59x60x3
2025-01-22 13:24:17,320 - INFO - Kich thuoc dac trung mau: (3540, 3), Kich thuoc toa do: (3540, 2)
2025-01-22 13:24:17,320 - INFO - Dac trung mau:
[[1. 1. 1.]
 [1. 1. 1.]
 [1. 1. 1.]
 [1. 1. 1.]
 [1. 1. 1.]
 [1. 1. 1.]
 [1. 1. 1.]
 [1. 1. 1.]
 [1. 1. 1.]]
2025-01-22 13:24:17,320 - INFO - Toa do:
[[0 0]
 [1 0]
 [2 0]
 [3 0]
 [4 0]
 [5 0]
 [6 0]
 [7 0]
 [8 0]]
2025-01-22 13:24:17,996 - INFO - Kich thuoc ma tran trong so (W): (3540, 3540)
2025-01-22 13:24:17,996 - INFO - Kich thuoc ma tran thua (W_sparse): (3540, 3540)
2025-01-22 13:24:17,996 - INFO - So luong phan tu khac 0: 12531600
2025-01-22 13:24:17,996 - INFO - Mau cua W_features (9x9 phan tu dau):
[[1. 1. 1. 1. 1. 1. 1. 1. 1.]
 [1. 1. 1. 1. 1. 1. 1. 1. 1.]
 [1. 1. 1. 1. 1. 1. 1. 1. 1.]
 [1. 1. 1. 1. 1. 1. 1. 1. 1.]
 [1. 1. 1. 1. 1. 1. 1. 1. 1.]
 [1. 1. 1. 1. 1. 1. 1. 1. 1.]
 [1. 1. 1. 1. 1. 1. 1. 1. 1.]
 [1. 1. 1. 1. 1. 1. 1. 1. 1.]
 [1. 1. 1. 1. 1. 1. 1. 1. 1.]]
2025-01-22 13:24:18,001 - INFO - Mau cua W_coords (9x9 phan tu dau):
[[1.         0.99501248 0.98019867 0.95599748 0.92311635 0.8824969
  0.83527021 0.78270454 0.72614904]
 [0.99501248 1.         0.99501248 0.98019867 0.95599748 0.92311635
  0.8824969  0.83527021 0.78270454]
 [0.98019867 0.99501248 1.         0.99501248 0.98019867 0.95599748
  0.92311635 0.8824969  0.83527021]
 [0.95599748 0.98019867 0.99501248 1.         0.99501248 0.98019867
  0.95599748 0.92311635 0.8824969 ]
 [0.92311635 0.95599748 0.98019867 0.99501248 1.         0.99501248
  0.98019867 0.95599748 0.92311635]
 [0.8824969  0.92311635 0.95599748 0.98019867 0.99501248 1.
  0.99501248 0.98019867 0.95599748]
 [0.83527021 0.8824969  0.92311635 0.95599748 0.98019867 0.99501248
  1.         0.99501248 0.98019867]
 [0.78270454 0.83527021 0.8824969  0.92311635 0.95599748 0.98019867
  0.99501248 1.         0.99501248]
 [0.72614904 0.78270454 0.83527021 0.8824969  0.92311635 0.95599748
  0.98019867 0.99501248 1.        ]]
2025-01-22 13:24:18,001 - INFO - Mau cua W (9x9 phan tu dau):
[[1.         0.99501248 0.98019867 0.95599748 0.92311635 0.8824969
  0.83527021 0.78270454 0.72614904]
 [0.99501248 1.         0.99501248 0.98019867 0.95599748 0.92311635
  0.8824969  0.83527021 0.78270454]
 [0.98019867 0.99501248 1.         0.99501248 0.98019867 0.95599748
  0.92311635 0.8824969  0.83527021]
 [0.95599748 0.98019867 0.99501248 1.         0.99501248 0.98019867
  0.95599748 0.92311635 0.8824969 ]
 [0.92311635 0.95599748 0.98019867 0.99501248 1.         0.99501248
  0.98019867 0.95599748 0.92311635]
 [0.8824969  0.92311635 0.95599748 0.98019867 0.99501248 1.
  0.99501248 0.98019867 0.95599748]
 [0.83527021 0.8824969  0.92311635 0.95599748 0.98019867 0.99501248
  1.         0.99501248 0.98019867]
 [0.78270454 0.83527021 0.8824969  0.92311635 0.95599748 0.98019867
  0.99501248 1.         0.99501248]
 [0.72614904 0.78270454 0.83527021 0.8824969  0.92311635 0.95599748
  0.98019867 0.99501248 1.        ]]
2025-01-22 13:24:18,001 - INFO - Dang tinh toan ma tran Laplace...
2025-01-22 13:24:19,166 - INFO - Kich thuoc ma tran duong cheo (D): (3540, 3540)
2025-01-22 13:24:19,166 - INFO - Mau cua D (9 phan tu dau):
[163.13126415 175.79777432 188.31179917 200.55355293 212.41060097
 223.78066425 234.57388706 244.71447619 254.14166125]
2025-01-22 13:24:19,166 - INFO - Kich thuoc ma tran Laplace (L): (3540, 3540)
2025-01-22 13:24:19,166 - INFO - Mau cua L (9x9 phan tu dau):
[[162.13126415  -0.99501248  -0.98019867  -0.95599748  -0.92311635
   -0.8824969   -0.83527021  -0.78270454  -0.72614904]
 [ -0.99501248 174.79777432  -0.99501248  -0.98019867  -0.95599748
   -0.92311635  -0.8824969   -0.83527021  -0.78270454]
 [ -0.98019867  -0.99501248 187.31179917  -0.99501248  -0.98019867
   -0.95599748  -0.92311635  -0.8824969   -0.83527021]
 [ -0.95599748  -0.98019867  -0.99501248 199.55355293  -0.99501248
   -0.98019867  -0.95599748  -0.92311635  -0.8824969 ]
 [ -0.92311635  -0.95599748  -0.98019867  -0.99501248 211.41060097
   -0.99501248  -0.98019867  -0.95599748  -0.92311635]
 [ -0.8824969   -0.92311635  -0.95599748  -0.98019867  -0.99501248
  222.78066425  -0.99501248  -0.98019867  -0.95599748]
 [ -0.83527021  -0.8824969   -0.92311635  -0.95599748  -0.98019867
   -0.99501248 233.57388706  -0.99501248  -0.98019867]
 [ -0.78270454  -0.83527021  -0.8824969   -0.92311635  -0.95599748
   -0.98019867  -0.99501248 243.71447619  -0.99501248]
 [ -0.72614904  -0.78270454  -0.83527021  -0.8824969   -0.92311635
   -0.95599748  -0.98019867  -0.99501248 253.14166125]]
2025-01-22 13:24:19,257 - INFO - Dang tinh vector rieng...
2025-01-22 13:24:23,243 - INFO - Dang phan vung do thi...
2025-01-22 13:24:23,243 - INFO - Mau cua vector rieng (9 hang dau):
[[-0.01680732  0.01421284]
 [-0.01680732  0.01421278]
 [-0.01680732  0.01421273]
 [-0.01680732  0.01421268]
 [-0.01680732  0.01421264]
 [-0.01680732  0.0142126 ]
 [-0.01680732  0.01421256]
 [-0.01680732  0.01421252]
 [-0.01680732  0.01421248]]
2025-01-22 13:24:23,248 - INFO - Nhan gan cho 27 pixel dau tien: [1 1 1 1 1 1 1 1 1 1 1 1 1 1 1 1 1 1 1 1 1 1 1 1 1 1 1]
2025-01-22 13:24:23,248 - INFO - Dang hien thi ket qua...
2025-01-22 13:24:23,248 - INFO - Thoi gian: 5.990673303604126 giay
2025-01-22 13:24:24,627 - INFO - Dang tinh toan ma tran trong so...
2025-01-22 13:24:24,627 - INFO - Kich thuoc anh: 59x60x3
2025-01-22 13:24:24,627 - INFO - Kich thuoc dac trung mau: (3540, 3), Kich thuoc toa do: (3540, 2)
2025-01-22 13:24:24,633 - INFO - Dac trung mau:
[[1. 1. 1.]
 [1. 1. 1.]
 [1. 1. 1.]
 [1. 1. 1.]
 [1. 1. 1.]
 [1. 1. 1.]
 [1. 1. 1.]
 [1. 1. 1.]
 [1. 1. 1.]]
2025-01-22 13:24:24,633 - INFO - Toa do:
[[0 0]
 [1 0]
 [2 0]
 [3 0]
 [4 0]
 [5 0]
 [6 0]
 [7 0]
 [8 0]]
2025-01-22 13:24:25,306 - INFO - Kich thuoc ma tran trong so (W): (3540, 3540)
2025-01-22 13:24:25,306 - INFO - Kich thuoc ma tran thua (W_sparse): (3540, 3540)
2025-01-22 13:24:25,306 - INFO - So luong phan tu khac 0: 12531600
2025-01-22 13:24:25,307 - INFO - Mau cua W_features (9x9 phan tu dau):
[[1. 1. 1. 1. 1. 1. 1. 1. 1.]
 [1. 1. 1. 1. 1. 1. 1. 1. 1.]
 [1. 1. 1. 1. 1. 1. 1. 1. 1.]
 [1. 1. 1. 1. 1. 1. 1. 1. 1.]
 [1. 1. 1. 1. 1. 1. 1. 1. 1.]
 [1. 1. 1. 1. 1. 1. 1. 1. 1.]
 [1. 1. 1. 1. 1. 1. 1. 1. 1.]
 [1. 1. 1. 1. 1. 1. 1. 1. 1.]
 [1. 1. 1. 1. 1. 1. 1. 1. 1.]]
2025-01-22 13:24:25,309 - INFO - Mau cua W_coords (9x9 phan tu dau):
[[1.         0.99501248 0.98019867 0.95599748 0.92311635 0.8824969
  0.83527021 0.78270454 0.72614904]
 [0.99501248 1.         0.99501248 0.98019867 0.95599748 0.92311635
  0.8824969  0.83527021 0.78270454]
 [0.98019867 0.99501248 1.         0.99501248 0.98019867 0.95599748
  0.92311635 0.8824969  0.83527021]
 [0.95599748 0.98019867 0.99501248 1.         0.99501248 0.98019867
  0.95599748 0.92311635 0.8824969 ]
 [0.92311635 0.95599748 0.98019867 0.99501248 1.         0.99501248
  0.98019867 0.95599748 0.92311635]
 [0.8824969  0.92311635 0.95599748 0.98019867 0.99501248 1.
  0.99501248 0.98019867 0.95599748]
 [0.83527021 0.8824969  0.92311635 0.95599748 0.98019867 0.99501248
  1.         0.99501248 0.98019867]
 [0.78270454 0.83527021 0.8824969  0.92311635 0.95599748 0.98019867
  0.99501248 1.         0.99501248]
 [0.72614904 0.78270454 0.83527021 0.8824969  0.92311635 0.95599748
  0.98019867 0.99501248 1.        ]]
2025-01-22 13:24:25,311 - INFO - Mau cua W (9x9 phan tu dau):
[[1.         0.99501248 0.98019867 0.95599748 0.92311635 0.8824969
  0.83527021 0.78270454 0.72614904]
 [0.99501248 1.         0.99501248 0.98019867 0.95599748 0.92311635
  0.8824969  0.83527021 0.78270454]
 [0.98019867 0.99501248 1.         0.99501248 0.98019867 0.95599748
  0.92311635 0.8824969  0.83527021]
 [0.95599748 0.98019867 0.99501248 1.         0.99501248 0.98019867
  0.95599748 0.92311635 0.8824969 ]
 [0.92311635 0.95599748 0.98019867 0.99501248 1.         0.99501248
  0.98019867 0.95599748 0.92311635]
 [0.8824969  0.92311635 0.95599748 0.98019867 0.99501248 1.
  0.99501248 0.98019867 0.95599748]
 [0.83527021 0.8824969  0.92311635 0.95599748 0.98019867 0.99501248
  1.         0.99501248 0.98019867]
 [0.78270454 0.83527021 0.8824969  0.92311635 0.95599748 0.98019867
  0.99501248 1.         0.99501248]
 [0.72614904 0.78270454 0.83527021 0.8824969  0.92311635 0.95599748
