2025-01-22 13:36:47,817 - INFO - Dang tinh toan ma tran trong so...
2025-01-22 13:36:47,817 - INFO - Kich thuoc anh: 59x60x3
2025-01-22 13:36:47,817 - INFO - Kich thuoc dac trung mau: (3540, 3), Kich thuoc toa do: (3540, 2)
2025-01-22 13:36:47,824 - INFO - Dac trung mau (9 phan tu dau):
[[1. 1. 1.]
 [1. 1. 1.]
 [1. 1. 1.]
 [1. 1. 1.]
 [1. 1. 1.]
 [1. 1. 1.]
 [1. 1. 1.]
 [1. 1. 1.]
 [1. 1. 1.]]
2025-01-22 13:36:47,824 - INFO - Toa do (9 phan tu dau):
[[0 0]
 [1 0]
 [2 0]
 [3 0]
 [4 0]
 [5 0]
 [6 0]
 [7 0]
 [8 0]]
2025-01-22 13:36:48,460 - INFO - Manh cua W (9x9 phan tu dau):
[[1.         0.99501248 0.98019867 0.95599748 0.92311635 0.8824969
  0.83527021 0.78270454 0.72614904]
 [0.99501248 1.         0.99501248 0.98019867 0.95599748 0.92311635
  0.8824969  0.83527021 0.78270454]
 [0.98019867 0.99501248 1.         0.99501248 0.98019867 0.95599748
  0.92311635 0.8824969  0.83527021]
 [0.95599748 0.98019867 0.99501248 1.         0.99501248 0.98019867
  0.95599748 0.92311635 0.8824969 ]
 [0.92311635 0.95599748 0.98019867 0.99501248 1.         0.99501248
  0.98019867 0.95599748 0.92311635]
 [0.8824969  0.92311635 0.95599748 0.98019867 0.99501248 1.
  0.99501248 0.98019867 0.95599748]
 [0.83527021 0.8824969  0.92311635 0.95599748 0.98019867 0.99501248
  1.         0.99501248 0.98019867]
 [0.78270454 0.83527021 0.8824969  0.92311635 0.95599748 0.98019867
  0.99501248 1.         0.99501248]
 [0.72614904 0.78270454 0.83527021 0.8824969  0.92311635 0.95599748
  0.98019867 0.99501248 1.        ]]
2025-01-22 13:36:48,462 - INFO - Dang tinh toan ma tran Laplace...
2025-01-22 13:36:58,627 - INFO - Dang tinh vector rieng...
2025-01-22 13:37:04,016 - INFO - Dang phan vung do thi...
2025-01-22 13:37:04,016 - INFO - Mau cua vector rieng (9 hang dau):
[[-0.01680732 -0.01421284]
 [-0.01680732 -0.01421278]
 [-0.01680732 -0.01421273]
 [-0.01680732 -0.01421268]
 [-0.01680732 -0.01421264]
 [-0.01680732 -0.0142126 ]
 [-0.01680732 -0.01421256]
 [-0.01680732 -0.01421252]
 [-0.01680732 -0.01421248]]
2025-01-22 13:37:04,218 - INFO - Nhan gan cho 27 pixel dau tien: [1 1 1 1 1 1 1 1 1 1 1 1 1 1 1 1 1 1 1 1 1 1 1 1 1 1 1]
2025-01-22 13:37:04,218 - INFO - Dang hien thi ket qua...
2025-01-22 13:37:04,218 - INFO - Thoi gian: 18.070952653884888 giay
2025-01-22 13:37:05,846 - INFO - Dang tinh toan ma tran trong so...
2025-01-22 13:37:05,846 - INFO - Kich thuoc anh: 59x60x3
2025-01-22 13:37:05,847 - INFO - Kich thuoc dac trung mau: (3540, 3), Kich thuoc toa do: (3540, 2)
2025-01-22 13:37:05,847 - INFO - Dac trung mau (9 phan tu dau):
[[1. 1. 1.]
 [1. 1. 1.]
 [1. 1. 1.]
 [1. 1. 1.]
 [1. 1. 1.]
 [1. 1. 1.]
 [1. 1. 1.]
 [1. 1. 1.]
 [1. 1. 1.]]
2025-01-22 13:37:05,847 - INFO - Toa do (9 phan tu dau):
[[0 0]
 [1 0]
 [2 0]
 [3 0]
 [4 0]
 [5 0]
 [6 0]
 [7 0]
 [8 0]]
2025-01-22 13:37:06,516 - INFO - Manh cua W (9x9 phan tu dau):
[[1.         0.99501248 0.98019867 0.95599748 0.92311635 0.8824969
  0.83527021 0.78270454 0.72614904]
 [0.99501248 1.         0.99501248 0.98019867 0.95599748 0.92311635
  0.8824969  0.83527021 0.78270454]
 [0.98019867 0.99501248 1.         0.99501248 0.98019867 0.95599748
  0.92311635 0.8824969  0.83527021]
 [0.95599748 0.98019867 0.99501248 1.         0.99501248 0.98019867
  0.95599748 0.92311635 0.8824969 ]
 [0.92311635 0.95599748 0.98019867 0.99501248 1.         0.99501248
  0.98019867 0.95599748 0.92311635]
 [0.8824969  0.92311635 0.95599748 0.98019867 0.99501248 1.
  0.99501248 0.98019867 0.95599748]
 [0.83527021 0.8824969  0.92311635 0.95599748 0.98019867 0.99501248
  1.         0.99501248 0.98019867]
 [0.78270454 0.83527021 0.8824969  0.92311635 0.95599748 0.98019867
  0.99501248 1.         0.99501248]
 [0.72614904 0.78270454 0.83527021 0.8824969  0.92311635 0.95599748
  0.98019867 0.99501248 1.        ]]
2025-01-22 13:37:06,516 - INFO - Dang tinh toan ma tran Laplace...
2025-01-22 13:37:06,547 - INFO - Dang tinh vector rieng...
2025-01-22 13:37:11,207 - INFO - Dang phan vung do thi...
2025-01-22 13:37:11,207 - INFO - Mau cua vector rieng (9 hang dau):
[[0.01680732 0.01421284]
 [0.01680732 0.01421278]
 [0.01680732 0.01421273]
 [0.01680732 0.01421268]
 [0.01680732 0.01421264]
 [0.01680732 0.0142126 ]
 [0.01680732 0.01421256]
 [0.01680732 0.01421252]
 [0.01680732 0.01421248]]
2025-01-22 13:37:11,211 - INFO - Nhan gan cho 27 pixel dau tien: [1 1 1 1 1 1 1 1 1 1 1 1 1 1 1 1 1 1 1 1 1 1 1 1 1 1 1]
2025-01-22 13:37:11,214 - INFO - Dang hien thi ket qua...
2025-01-22 13:37:11,214 - INFO - Thoi gian: 5.414631605148315 giay
2025-01-22 13:37:12,500 - INFO - Dang tinh toan ma tran trong so...
2025-01-22 13:37:12,500 - INFO - Kich thuoc anh: 59x60x3
2025-01-22 13:37:12,500 - INFO - Kich thuoc dac trung mau: (3540, 3), Kich thuoc toa do: (3540, 2)
2025-01-22 13:37:12,500 - INFO - Dac trung mau (9 phan tu dau):
[[1. 1. 1.]
 [1. 1. 1.]
 [1. 1. 1.]
 [1. 1. 1.]
 [1. 1. 1.]
 [1. 1. 1.]
 [1. 1. 1.]
 [1. 1. 1.]
 [1. 1. 1.]]
2025-01-22 13:37:12,503 - INFO - Toa do (9 phan tu dau):
[[0 0]
 [1 0]
 [2 0]
 [3 0]
 [4 0]
 [5 0]
 [6 0]
 [7 0]
 [8 0]]
2025-01-22 13:37:13,146 - INFO - Manh cua W (9x9 phan tu dau):
[[1.         0.99501248 0.98019867 0.95599748 0.92311635 0.8824969
  0.83527021 0.78270454 0.72614904]
 [0.99501248 1.         0.99501248 0.98019867 0.95599748 0.92311635
  0.8824969  0.83527021 0.78270454]
 [0.98019867 0.99501248 1.         0.99501248 0.98019867 0.95599748
  0.92311635 0.8824969  0.83527021]
 [0.95599748 0.98019867 0.99501248 1.         0.99501248 0.98019867
  0.95599748 0.92311635 0.8824969 ]
 [0.92311635 0.95599748 0.98019867 0.99501248 1.         0.99501248
  0.98019867 0.95599748 0.92311635]
 [0.8824969  0.92311635 0.95599748 0.98019867 0.99501248 1.
  0.99501248 0.98019867 0.95599748]
 [0.83527021 0.8824969  0.92311635 0.95599748 0.98019867 0.99501248
  1.         0.99501248 0.98019867]
 [0.78270454 0.83527021 0.8824969  0.92311635 0.95599748 0.98019867
  0.99501248 1.         0.99501248]
 [0.72614904 0.78270454 0.83527021 0.8824969  0.92311635 0.95599748
  0.98019867 0.99501248 1.        ]]
2025-01-22 13:37:13,146 - INFO - Dang tinh toan ma tran Laplace...
2025-01-22 13:37:13,178 - INFO - Dang tinh vector rieng...
2025-01-22 13:37:18,519 - INFO - Dang phan vung do thi...
2025-01-22 13:37:18,524 - INFO - Mau cua vector rieng (9 hang dau):
[[-0.01680732  0.01421284]
 [-0.01680732  0.01421278]
 [-0.01680732  0.01421273]
 [-0.01680732  0.01421268]
 [-0.01680732  0.01421264]
 [-0.01680732  0.0142126 ]
 [-0.01680732  0.01421256]
 [-0.01680732  0.01421252]
 [-0.01680732  0.01421248]]
2025-01-22 13:37:18,529 - INFO - Nhan gan cho 27 pixel dau tien: [1 1 1 1 1 1 1 1 1 1 1 1 1 1 1 1 1 1 1 1 1 1 1 1 1 1 1]
2025-01-22 13:37:18,529 - INFO - Dang hien thi ket qua...
2025-01-22 13:37:18,529 - INFO - Thoi gian: 6.061500787734985 giay
2025-01-22 13:37:19,776 - INFO - Dang tinh toan ma tran trong so...
2025-01-22 13:37:19,777 - INFO - Kich thuoc anh: 59x60x3
2025-01-22 13:37:19,777 - INFO - Kich thuoc dac trung mau: (3540, 3), Kich thuoc toa do: (3540, 2)
2025-01-22 13:37:19,777 - INFO - Dac trung mau (9 phan tu dau):
[[1. 1. 1.]
 [1. 1. 1.]
 [1. 1. 1.]
 [1. 1. 1.]
 [1. 1. 1.]
 [1. 1. 1.]
 [1. 1. 1.]
 [1. 1. 1.]
 [1. 1. 1.]]
2025-01-22 13:37:19,777 - INFO - Toa do (9 phan tu dau):
[[0 0]
 [1 0]
 [2 0]
 [3 0]
 [4 0]
 [5 0]
 [6 0]
 [7 0]
 [8 0]]
2025-01-22 13:37:20,336 - INFO - Manh cua W (9x9 phan tu dau):
[[1.         0.99501248 0.98019867 0.95599748 0.92311635 0.8824969
  0.83527021 0.78270454 0.72614904]
 [0.99501248 1.         0.99501248 0.98019867 0.95599748 0.92311635
  0.8824969  0.83527021 0.78270454]
 [0.98019867 0.99501248 1.         0.99501248 0.98019867 0.95599748
  0.92311635 0.8824969  0.83527021]
 [0.95599748 0.98019867 0.99501248 1.         0.99501248 0.98019867
  0.95599748 0.92311635 0.8824969 ]
 [0.92311635 0.95599748 0.98019867 0.99501248 1.         0.99501248
  0.98019867 0.95599748 0.92311635]
 [0.8824969  0.92311635 0.95599748 0.98019867 0.99501248 1.
  0.99501248 0.98019867 0.95599748]
 [0.83527021 0.8824969  0.92311635 0.95599748 0.98019867 0.99501248
  1.         0.99501248 0.98019867]
 [0.78270454 0.83527021 0.8824969  0.92311635 0.95599748 0.98019867
  0.99501248 1.         0.99501248]
 [0.72614904 0.78270454 0.83527021 0.8824969  0.92311635 0.95599748
  0.98019867 0.99501248 1.        ]]
2025-01-22 13:37:20,336 - INFO - Dang tinh toan ma tran Laplace...
2025-01-22 13:37:20,363 - INFO - Dang tinh vector rieng...
2025-01-22 13:37:25,861 - INFO - Dang phan vung do thi...
2025-01-22 13:37:25,861 - INFO - Mau cua vector rieng (9 hang dau):
[[-0.01680732 -0.01421284]
 [-0.01680732 -0.01421278]
 [-0.01680732 -0.01421273]
 [-0.01680732 -0.01421268]
 [-0.01680732 -0.01421264]
 [-0.01680732 -0.0142126 ]
 [-0.01680732 -0.01421256]
 [-0.01680732 -0.01421252]
 [-0.01680732 -0.01421248]]
2025-01-22 13:37:25,872 - INFO - Nhan gan cho 27 pixel dau tien: [1 1 1 1 1 1 1 1 1 1 1 1 1 1 1 1 1 1 1 1 1 1 1 1 1 1 1]
2025-01-22 13:37:25,872 - INFO - Dang hien thi ket qua...
2025-01-22 13:37:25,872 - INFO - Thoi gian: 6.130242347717285 giay
2025-01-22 13:37:27,207 - INFO - Dang tinh toan ma tran trong so...
2025-01-22 13:37:27,209 - INFO - Kich thuoc anh: 59x60x3
2025-01-22 13:37:27,209 - INFO - Kich thuoc dac trung mau: (3540, 3), Kich thuoc toa do: (3540, 2)
2025-01-22 13:37:27,210 - INFO - Dac trung mau (9 phan tu dau):
[[1. 1. 1.]
 [1. 1. 1.]
 [1. 1. 1.]
 [1. 1. 1.]
 [1. 1. 1.]
 [1. 1. 1.]
 [1. 1. 1.]
 [1. 1. 1.]
 [1. 1. 1.]]
2025-01-22 13:37:27,210 - INFO - Toa do (9 phan tu dau):
[[0 0]
 [1 0]
 [2 0]
 [3 0]
 [4 0]
 [5 0]
 [6 0]
 [7 0]
 [8 0]]
2025-01-22 13:37:27,881 - INFO - Manh cua W (9x9 phan tu dau):
[[1.         0.99501248 0.98019867 0.95599748 0.92311635 0.8824969
  0.83527021 0.78270454 0.72614904]
 [0.99501248 1.         0.99501248 0.98019867 0.95599748 0.92311635
  0.8824969  0.83527021 0.78270454]
 [0.98019867 0.99501248 1.         0.99501248 0.98019867 0.95599748
  0.92311635 0.8824969  0.83527021]
 [0.95599748 0.98019867 0.99501248 1.         0.99501248 0.98019867
  0.95599748 0.92311635 0.8824969 ]
 [0.92311635 0.95599748 0.98019867 0.99501248 1.         0.99501248
  0.98019867 0.95599748 0.92311635]
 [0.8824969  0.92311635 0.95599748 0.98019867 0.99501248 1.
  0.99501248 0.98019867 0.95599748]
 [0.83527021 0.8824969  0.92311635 0.95599748 0.98019867 0.99501248
  1.         0.99501248 0.98019867]
 [0.78270454 0.83527021 0.8824969  0.92311635 0.95599748 0.98019867
  0.99501248 1.         0.99501248]
 [0.72614904 0.78270454 0.83527021 0.8824969  0.92311635 0.95599748
  0.98019867 0.99501248 1.        ]]
2025-01-22 13:37:27,881 - INFO - Dang tinh toan ma tran Laplace...
2025-01-22 13:37:27,917 - INFO - Dang tinh vector rieng...
2025-01-22 13:37:33,586 - INFO - Dang phan vung do thi...
2025-01-22 13:37:33,586 - INFO - Mau cua vector rieng (9 hang dau):
[[-0.01680732 -0.01421284]
 [-0.01680732 -0.01421278]
 [-0.01680732 -0.01421273]
 [-0.01680732 -0.01421268]
 [-0.01680732 -0.01421264]
 [-0.01680732 -0.0142126 ]
 [-0.01680732 -0.01421256]
 [-0.01680732 -0.01421252]
 [-0.01680732 -0.01421248]]
2025-01-22 13:37:33,588 - INFO - Nhan gan cho 27 pixel dau tien: [1 1 1 1 1 1 1 1 1 1 1 1 1 1 1 1 1 1 1 1 1 1 1 1 1 1 1]
2025-01-22 13:37:33,588 - INFO - Dang hien thi ket qua...
2025-01-22 13:37:33,588 - INFO - Thoi gian: 6.409162759780884 giay
2025-01-22 13:37:34,807 - INFO - Dang tinh toan ma tran trong so...
2025-01-22 13:37:34,811 - INFO - Kich thuoc anh: 59x60x3
2025-01-22 13:37:34,811 - INFO - Kich thuoc dac trung mau: (3540, 3), Kich thuoc toa do: (3540, 2)
2025-01-22 13:37:34,811 - INFO - Dac trung mau (9 phan tu dau):
[[1. 1. 1.]
 [1. 1. 1.]
 [1. 1. 1.]
 [1. 1. 1.]
 [1. 1. 1.]
 [1. 1. 1.]
 [1. 1. 1.]
 [1. 1. 1.]
 [1. 1. 1.]]
2025-01-22 13:37:34,811 - INFO - Toa do (9 phan tu dau):
[[0 0]
 [1 0]
 [2 0]
 [3 0]
 [4 0]
 [5 0]
 [6 0]
 [7 0]
 [8 0]]
2025-01-22 13:37:35,389 - INFO - Manh cua W (9x9 phan tu dau):
[[1.         0.99501248 0.98019867 0.95599748 0.92311635 0.8824969
  0.83527021 0.78270454 0.72614904]
 [0.99501248 1.         0.99501248 0.98019867 0.95599748 0.92311635
  0.8824969  0.83527021 0.78270454]
 [0.98019867 0.99501248 1.         0.99501248 0.98019867 0.95599748
  0.92311635 0.8824969  0.83527021]
 [0.95599748 0.98019867 0.99501248 1.         0.99501248 0.98019867
  0.95599748 0.92311635 0.8824969 ]
 [0.92311635 0.95599748 0.98019867 0.99501248 1.         0.99501248
  0.98019867 0.95599748 0.92311635]
 [0.8824969  0.92311635 0.95599748 0.98019867 0.99501248 1.
  0.99501248 0.98019867 0.95599748]
 [0.83527021 0.8824969  0.92311635 0.95599748 0.98019867 0.99501248
  1.         0.99501248 0.98019867]
 [0.78270454 0.83527021 0.8824969  0.92311635 0.95599748 0.98019867
  0.99501248 1.         0.99501248]
 [0.72614904 0.78270454 0.83527021 0.8824969  0.92311635 0.95599748
  0.98019867 0.99501248 1.        ]]
2025-01-22 13:37:35,390 - INFO - Dang tinh toan ma tran Laplace...
2025-01-22 13:37:35,417 - INFO - Dang tinh vector rieng...
2025-01-22 13:37:40,747 - INFO - Dang phan vung do thi...
2025-01-22 13:37:40,747 - INFO - Mau cua vector rieng (9 hang dau):
[[-0.01680732  0.01421284]
 [-0.01680732  0.01421278]
 [-0.01680732  0.01421273]
 [-0.01680732  0.01421268]
 [-0.01680732  0.01421264]
 [-0.01680732  0.0142126 ]
 [-0.01680732  0.01421256]
 [-0.01680732  0.01421252]
 [-0.01680732  0.01421248]]
2025-01-22 13:37:40,757 - INFO - Nhan gan cho 27 pixel dau tien: [1 1 1 1 1 1 1 1 1 1 1 1 1 1 1 1 1 1 1 1 1 1 1 1 1 1 1]
2025-01-22 13:37:40,757 - INFO - Dang hien thi ket qua...
2025-01-22 13:37:40,757 - INFO - Thoi gian: 6.010819435119629 giay
2025-01-22 13:37:42,377 - INFO - Dang tinh toan ma tran trong so...
2025-01-22 13:37:42,377 - INFO - Kich thuoc anh: 59x60x3
2025-01-22 13:37:42,381 - INFO - Kich thuoc dac trung mau: (3540, 3), Kich thuoc toa do: (3540, 2)
2025-01-22 13:37:42,382 - INFO - Dac trung mau (9 phan tu dau):
[[1. 1. 1.]
 [1. 1. 1.]
 [1. 1. 1.]
 [1. 1. 1.]
 [1. 1. 1.]
 [1. 1. 1.]
 [1. 1. 1.]
 [1. 1. 1.]
 [1. 1. 1.]]
2025-01-22 13:37:42,382 - INFO - Toa do (9 phan tu dau):
[[0 0]
 [1 0]
 [2 0]
 [3 0]
 [4 0]
 [5 0]
 [6 0]
 [7 0]
 [8 0]]
2025-01-22 13:37:43,032 - INFO - Manh cua W (9x9 phan tu dau):
[[1.         0.99501248 0.98019867 0.95599748 0.92311635 0.8824969
  0.83527021 0.78270454 0.72614904]
 [0.99501248 1.         0.99501248 0.98019867 0.95599748 0.92311635
  0.8824969  0.83527021 0.78270454]
 [0.98019867 0.99501248 1.         0.99501248 0.98019867 0.95599748
  0.92311635 0.8824969  0.83527021]
 [0.95599748 0.98019867 0.99501248 1.         0.99501248 0.98019867
  0.95599748 0.92311635 0.8824969 ]
 [0.92311635 0.95599748 0.98019867 0.99501248 1.         0.99501248
  0.98019867 0.95599748 0.92311635]
 [0.8824969  0.92311635 0.95599748 0.98019867 0.99501248 1.
  0.99501248 0.98019867 0.95599748]
 [0.83527021 0.8824969  0.92311635 0.95599748 0.98019867 0.99501248
  1.         0.99501248 0.98019867]
 [0.78270454 0.83527021 0.8824969  0.92311635 0.95599748 0.98019867
  0.99501248 1.         0.99501248]
 [0.72614904 0.78270454 0.83527021 0.8824969  0.92311635 0.95599748
  0.98019867 0.99501248 1.        ]]
2025-01-22 13:37:43,032 - INFO - Dang tinh toan ma tran Laplace...
2025-01-22 13:37:43,063 - INFO - Dang tinh vector rieng...
2025-01-22 13:37:48,385 - INFO - Dang phan vung do thi...
2025-01-22 13:37:48,385 - INFO - Mau cua vector rieng (9 hang dau):
[[-0.01680732  0.01421284]
 [-0.01680732  0.01421278]
 [-0.01680732  0.01421273]
 [-0.01680732  0.01421268]
 [-0.01680732  0.01421264]
 [-0.01680732  0.0142126 ]
 [-0.01680732  0.01421256]
 [-0.01680732  0.01421252]
 [-0.01680732  0.01421248]]
2025-01-22 13:37:48,387 - INFO - Nhan gan cho 27 pixel dau tien: [1 1 1 1 1 1 1 1 1 1 1 1 1 1 1 1 1 1 1 1 1 1 1 1 1 1 1]
2025-01-22 13:37:48,387 - INFO - Dang hien thi ket qua...
2025-01-22 13:37:48,387 - INFO - Thoi gian: 6.0598227977752686 giay
2025-01-22 13:37:49,721 - INFO - Dang tinh toan ma tran trong so...
2025-01-22 13:37:49,721 - INFO - Kich thuoc anh: 59x60x3
2025-01-22 13:37:49,721 - INFO - Kich thuoc dac trung mau: (3540, 3), Kich thuoc toa do: (3540, 2)
2025-01-22 13:37:49,724 - INFO - Dac trung mau (9 phan tu dau):
[[1. 1. 1.]
 [1. 1. 1.]
 [1. 1. 1.]
 [1. 1. 1.]
 [1. 1. 1.]
 [1. 1. 1.]
 [1. 1. 1.]
 [1. 1. 1.]
 [1. 1. 1.]]
2025-01-22 13:37:49,725 - INFO - Toa do (9 phan tu dau):
[[0 0]
 [1 0]
 [2 0]
 [3 0]
 [4 0]
 [5 0]
 [6 0]
 [7 0]
 [8 0]]
2025-01-22 13:37:50,359 - INFO - Manh cua W (9x9 phan tu dau):
[[1.         0.99501248 0.98019867 0.95599748 0.92311635 0.8824969
  0.83527021 0.78270454 0.72614904]
 [0.99501248 1.         0.99501248 0.98019867 0.95599748 0.92311635
  0.8824969  0.83527021 0.78270454]
 [0.98019867 0.99501248 1.         0.99501248 0.98019867 0.95599748
  0.92311635 0.8824969  0.83527021]
 [0.95599748 0.98019867 0.99501248 1.         0.99501248 0.98019867
  0.95599748 0.92311635 0.8824969 ]
 [0.92311635 0.95599748 0.98019867 0.99501248 1.         0.99501248
  0.98019867 0.95599748 0.92311635]
 [0.8824969  0.92311635 0.95599748 0.98019867 0.99501248 1.
  0.99501248 0.98019867 0.95599748]
 [0.83527021 0.8824969  0.92311635 0.95599748 0.98019867 0.99501248
  1.         0.99501248 0.98019867]
 [0.78270454 0.83527021 0.8824969  0.92311635 0.95599748 0.98019867
  0.99501248 1.         0.99501248]
 [0.72614904 0.78270454 0.83527021 0.8824969  0.92311635 0.95599748
  0.98019867 0.99501248 1.        ]]
2025-01-22 13:37:50,359 - INFO - Dang tinh toan ma tran Laplace...
2025-01-22 13:37:50,401 - INFO - Dang tinh vector rieng...
2025-01-22 13:37:56,070 - INFO - Dang phan vung do thi...
2025-01-22 13:37:56,070 - INFO - Mau cua vector rieng (9 hang dau):
[[-0.01680732  0.01421284]
 [-0.01680732  0.01421278]
 [-0.01680732  0.01421273]
 [-0.01680732  0.01421268]
 [-0.01680732  0.01421264]
 [-0.01680732  0.0142126 ]
 [-0.01680732  0.01421256]
 [-0.01680732  0.01421252]
 [-0.01680732  0.01421248]]
2025-01-22 13:37:56,077 - INFO - Nhan gan cho 27 pixel dau tien: [1 1 1 1 1 1 1 1 1 1 1 1 1 1 1 1 1 1 1 1 1 1 1 1 1 1 1]
2025-01-22 13:37:56,077 - INFO - Dang hien thi ket qua...
2025-01-22 13:37:56,077 - INFO - Thoi gian: 6.3891284465789795 giay
2025-01-22 13:37:57,607 - INFO - Dang tinh toan ma tran trong so...
2025-01-22 13:37:57,607 - INFO - Kich thuoc anh: 59x60x3
2025-01-22 13:37:57,607 - INFO - Kich thuoc dac trung mau: (3540, 3), Kich thuoc toa do: (3540, 2)
2025-01-22 13:37:57,607 - INFO - Dac trung mau (9 phan tu dau):
[[1. 1. 1.]
 [1. 1. 1.]
 [1. 1. 1.]
 [1. 1. 1.]
 [1. 1. 1.]
 [1. 1. 1.]
 [1. 1. 1.]
 [1. 1. 1.]
 [1. 1. 1.]]
2025-01-22 13:37:57,616 - INFO - Toa do (9 phan tu dau):
[[0 0]
 [1 0]
 [2 0]
 [3 0]
 [4 0]
 [5 0]
 [6 0]
 [7 0]
 [8 0]]
2025-01-22 13:37:58,264 - INFO - Manh cua W (9x9 phan tu dau):
[[1.         0.99501248 0.98019867 0.95599748 0.92311635 0.8824969
  0.83527021 0.78270454 0.72614904]
 [0.99501248 1.         0.99501248 0.98019867 0.95599748 0.92311635
  0.8824969  0.83527021 0.78270454]
 [0.98019867 0.99501248 1.         0.99501248 0.98019867 0.95599748
  0.92311635 0.8824969  0.83527021]
 [0.95599748 0.98019867 0.99501248 1.         0.99501248 0.98019867
  0.95599748 0.92311635 0.8824969 ]
 [0.92311635 0.95599748 0.98019867 0.99501248 1.         0.99501248
  0.98019867 0.95599748 0.92311635]
 [0.8824969  0.92311635 0.95599748 0.98019867 0.99501248 1.
  0.99501248 0.98019867 0.95599748]
 [0.83527021 0.8824969  0.92311635 0.95599748 0.98019867 0.99501248
  1.         0.99501248 0.98019867]
 [0.78270454 0.83527021 0.8824969  0.92311635 0.95599748 0.98019867
  0.99501248 1.         0.99501248]
 [0.72614904 0.78270454 0.83527021 0.8824969  0.92311635 0.95599748
  0.98019867 0.99501248 1.        ]]
2025-01-22 13:37:58,264 - INFO - Dang tinh toan ma tran Laplace...
2025-01-22 13:37:58,299 - INFO - Dang tinh vector rieng...
2025-01-22 13:38:03,876 - INFO - Dang phan vung do thi...
2025-01-22 13:38:03,876 - INFO - Mau cua vector rieng (9 hang dau):
[[-0.01680732  0.01421284]
 [-0.01680732  0.01421278]
 [-0.01680732  0.01421273]
 [-0.01680732  0.01421268]
 [-0.01680732  0.01421264]
 [-0.01680732  0.0142126 ]
 [-0.01680732  0.01421256]
 [-0.01680732  0.01421252]
 [-0.01680732  0.01421248]]
2025-01-22 13:38:03,887 - INFO - Nhan gan cho 27 pixel dau tien: [1 1 1 1 1 1 1 1 1 1 1 1 1 1 1 1 1 1 1 1 1 1 1 1 1 1 1]
2025-01-22 13:38:03,887 - INFO - Dang hien thi ket qua...
2025-01-22 13:38:03,887 - INFO - Thoi gian: 6.326401233673096 giay
2025-01-22 13:38:05,227 - INFO - Dang tinh toan ma tran trong so...
2025-01-22 13:38:05,227 - INFO - Kich thuoc anh: 59x60x3
2025-01-22 13:38:05,227 - INFO - Kich thuoc dac trung mau: (3540, 3), Kich thuoc toa do: (3540, 2)
2025-01-22 13:38:05,227 - INFO - Dac trung mau (9 phan tu dau):
[[1. 1. 1.]
 [1. 1. 1.]
 [1. 1. 1.]
 [1. 1. 1.]
 [1. 1. 1.]
 [1. 1. 1.]
 [1. 1. 1.]
 [1. 1. 1.]
 [1. 1. 1.]]
2025-01-22 13:38:05,227 - INFO - Toa do (9 phan tu dau):
[[0 0]
 [1 0]
 [2 0]
 [3 0]
 [4 0]
 [5 0]
 [6 0]
 [7 0]
 [8 0]]
2025-01-22 13:38:05,794 - INFO - Manh cua W (9x9 phan tu dau):
[[1.         0.99501248 0.98019867 0.95599748 0.92311635 0.8824969
  0.83527021 0.78270454 0.72614904]
 [0.99501248 1.         0.99501248 0.98019867 0.95599748 0.92311635
  0.8824969  0.83527021 0.78270454]
 [0.98019867 0.99501248 1.         0.99501248 0.98019867 0.95599748
  0.92311635 0.8824969  0.83527021]
 [0.95599748 0.98019867 0.99501248 1.         0.99501248 0.98019867
  0.95599748 0.92311635 0.8824969 ]
 [0.92311635 0.95599748 0.98019867 0.99501248 1.         0.99501248
  0.98019867 0.95599748 0.92311635]
 [0.8824969  0.92311635 0.95599748 0.98019867 0.99501248 1.
  0.99501248 0.98019867 0.95599748]
 [0.83527021 0.8824969  0.92311635 0.95599748 0.98019867 0.99501248
  1.         0.99501248 0.98019867]
 [0.78270454 0.83527021 0.8824969  0.92311635 0.95599748 0.98019867
  0.99501248 1.         0.99501248]
 [0.72614904 0.78270454 0.83527021 0.8824969  0.92311635 0.95599748
  0.98019867 0.99501248 1.        ]]
2025-01-22 13:38:05,794 - INFO - Dang tinh toan ma tran Laplace...
2025-01-22 13:38:05,821 - INFO - Dang tinh vector rieng...
2025-01-22 13:38:11,009 - INFO - Dang phan vung do thi...
2025-01-22 13:38:11,009 - INFO - Mau cua vector rieng (9 hang dau):
[[-0.01680732  0.01421284]
 [-0.01680732  0.01421278]
 [-0.01680732  0.01421273]
 [-0.01680732  0.01421268]
 [-0.01680732  0.01421264]
 [-0.01680732  0.0142126 ]
 [-0.01680732  0.01421256]
 [-0.01680732  0.01421252]
 [-0.01680732  0.01421248]]
2025-01-22 13:38:11,017 - INFO - Nhan gan cho 27 pixel dau tien: [1 1 1 1 1 1 1 1 1 1 1 1 1 1 1 1 1 1 1 1 1 1 1 1 1 1 1]
2025-01-22 13:38:11,017 - INFO - Dang hien thi ket qua...
2025-01-22 13:38:11,017 - INFO - Thoi gian: 5.820849657058716 giay
