2025-01-15 11:38:11,047 - INFO - Dang tinh toan ma tran trong so...
2025-01-15 11:38:11,047 - INFO - Kich thuoc anh: 59x60x3
2025-01-15 11:38:11,052 - INFO - Kich thuoc dac trung mau: (3540, 3), Kich thuoc toa do: (3540, 2)
2025-01-15 11:38:11,052 - INFO - Dac trung mau (9 phan tu dau):
[[1. 1. 1.]
 [1. 1. 1.]
 [1. 1. 1.]
 [1. 1. 1.]
 [1. 1. 1.]
 [1. 1. 1.]
 [1. 1. 1.]
 [1. 1. 1.]
 [1. 1. 1.]]
2025-01-15 11:38:11,052 - INFO - Toa do (9 phan tu dau):
[[0 0]
 [1 0]
 [2 0]
 [3 0]
 [4 0]
 [5 0]
 [6 0]
 [7 0]
 [8 0]]
2025-01-15 11:38:11,567 - INFO - Manh cua W (9x9 phan tu dau):
[[1.         0.99501248 0.98019867 0.95599748 0.92311635 0.8824969
  0.83527021 0.78270454 0.72614904]
 [0.99501248 1.         0.99501248 0.98019867 0.95599748 0.92311635
  0.8824969  0.83527021 0.78270454]
 [0.98019867 0.99501248 1.         0.99501248 0.98019867 0.95599748
  0.92311635 0.8824969  0.83527021]
 [0.95599748 0.98019867 0.99501248 1.         0.99501248 0.98019867
  0.95599748 0.92311635 0.8824969 ]
 [0.92311635 0.95599748 0.98019867 0.99501248 1.         0.99501248
  0.98019867 0.95599748 0.92311635]
 [0.8824969  0.92311635 0.95599748 0.98019867 0.99501248 1.
  0.99501248 0.98019867 0.95599748]
 [0.83527021 0.8824969  0.92311635 0.95599748 0.98019867 0.99501248
  1.         0.99501248 0.98019867]
 [0.78270454 0.83527021 0.8824969  0.92311635 0.95599748 0.98019867
  0.99501248 1.         0.99501248]
 [0.72614904 0.78270454 0.83527021 0.8824969  0.92311635 0.95599748
  0.98019867 0.99501248 1.        ]]
2025-01-15 11:38:11,567 - INFO - Dang tinh toan ma tran Laplace...
2025-01-15 11:38:17,342 - INFO - Dang tinh vector rieng...
2025-01-15 11:38:20,900 - INFO - Dang phan vung do thi...
2025-01-15 11:38:20,900 - INFO - Mau cua vector rieng (9 hang dau):
[[0.00107995 0.00075352]
 [0.00107995 0.00075352]
 [0.00107995 0.00075352]
 [0.00107995 0.00075351]
 [0.00107995 0.00075351]
 [0.00107995 0.00075351]
 [0.00107995 0.00075351]
 [0.00107995 0.00075351]
 [0.00107995 0.00075351]]
2025-01-15 11:38:21,083 - INFO - Nhan gan cho 27 pixel dau tien: [1 1 1 1 1 1 1 1 1 1 1 1 1 1 1 1 1 1 1 1 1 1 1 1 1 1 1]
2025-01-15 11:38:21,085 - INFO - Dang hien thi ket qua...
2025-01-15 11:38:21,085 - INFO - Thoi gian: 11.464777946472168 giay
2025-01-15 11:38:23,426 - INFO - Dang tinh toan ma tran trong so...
2025-01-15 11:38:23,426 - INFO - Kich thuoc anh: 59x60x3
2025-01-15 11:38:23,428 - INFO - Kich thuoc dac trung mau: (3540, 3), Kich thuoc toa do: (3540, 2)
2025-01-15 11:38:23,430 - INFO - Dac trung mau (9 phan tu dau):
[[1. 1. 1.]
 [1. 1. 1.]
 [1. 1. 1.]
 [1. 1. 1.]
 [1. 1. 1.]
 [1. 1. 1.]
 [1. 1. 1.]
 [1. 1. 1.]
 [1. 1. 1.]]
2025-01-15 11:38:23,431 - INFO - Toa do (9 phan tu dau):
[[0 0]
 [1 0]
 [2 0]
 [3 0]
 [4 0]
 [5 0]
 [6 0]
 [7 0]
 [8 0]]
2025-01-15 11:38:24,061 - INFO - Manh cua W (9x9 phan tu dau):
[[1.         0.99501248 0.98019867 0.95599748 0.92311635 0.8824969
  0.83527021 0.78270454 0.72614904]
 [0.99501248 1.         0.99501248 0.98019867 0.95599748 0.92311635
  0.8824969  0.83527021 0.78270454]
 [0.98019867 0.99501248 1.         0.99501248 0.98019867 0.95599748
  0.92311635 0.8824969  0.83527021]
 [0.95599748 0.98019867 0.99501248 1.         0.99501248 0.98019867
  0.95599748 0.92311635 0.8824969 ]
 [0.92311635 0.95599748 0.98019867 0.99501248 1.         0.99501248
  0.98019867 0.95599748 0.92311635]
 [0.8824969  0.92311635 0.95599748 0.98019867 0.99501248 1.
  0.99501248 0.98019867 0.95599748]
 [0.83527021 0.8824969  0.92311635 0.95599748 0.98019867 0.99501248
  1.         0.99501248 0.98019867]
 [0.78270454 0.83527021 0.8824969  0.92311635 0.95599748 0.98019867
  0.99501248 1.         0.99501248]
 [0.72614904 0.78270454 0.83527021 0.8824969  0.92311635 0.95599748
  0.98019867 0.99501248 1.        ]]
2025-01-15 11:38:24,063 - INFO - Dang tinh toan ma tran Laplace...
2025-01-15 11:38:24,087 - INFO - Dang tinh vector rieng...
2025-01-15 11:38:28,129 - INFO - Dang phan vung do thi...
2025-01-15 11:38:28,131 - INFO - Mau cua vector rieng (9 hang dau):
[[ 0.00107995 -0.00075352]
 [ 0.00107995 -0.00075352]
 [ 0.00107995 -0.00075352]
 [ 0.00107995 -0.00075351]
 [ 0.00107995 -0.00075351]
 [ 0.00107995 -0.00075351]
 [ 0.00107995 -0.00075351]
 [ 0.00107995 -0.00075351]
 [ 0.00107995 -0.00075351]]
2025-01-15 11:38:28,135 - INFO - Nhan gan cho 27 pixel dau tien: [1 1 1 1 1 1 1 1 1 1 1 1 1 1 1 1 1 1 1 1 1 1 1 1 1 1 1]
2025-01-15 11:38:28,136 - INFO - Dang hien thi ket qua...
2025-01-15 11:38:28,136 - INFO - Thoi gian: 4.739919900894165 giay
2025-01-15 11:43:06,253 - INFO - Dang tinh toan ma tran trong so...
2025-01-15 11:43:06,253 - INFO - Kich thuoc anh: 59x60x3
2025-01-15 11:43:06,256 - INFO - Kich thuoc dac trung mau: (3540, 3), Kich thuoc toa do: (3540, 2)
2025-01-15 11:43:06,258 - INFO - Dac trung mau (9 phan tu dau):
[[1. 1. 1.]
 [1. 1. 1.]
 [1. 1. 1.]
 [1. 1. 1.]
 [1. 1. 1.]
 [1. 1. 1.]
 [1. 1. 1.]
 [1. 1. 1.]
 [1. 1. 1.]]
2025-01-15 11:43:06,259 - INFO - Toa do (9 phan tu dau):
[[0 0]
 [1 0]
 [2 0]
 [3 0]
 [4 0]
 [5 0]
 [6 0]
 [7 0]
 [8 0]]
2025-01-15 11:43:06,770 - INFO - Manh cua W (9x9 phan tu dau):
[[1.         0.99501248 0.98019867 0.95599748 0.92311635 0.8824969
  0.83527021 0.78270454 0.72614904]
 [0.99501248 1.         0.99501248 0.98019867 0.95599748 0.92311635
  0.8824969  0.83527021 0.78270454]
 [0.98019867 0.99501248 1.         0.99501248 0.98019867 0.95599748
  0.92311635 0.8824969  0.83527021]
 [0.95599748 0.98019867 0.99501248 1.         0.99501248 0.98019867
  0.95599748 0.92311635 0.8824969 ]
 [0.92311635 0.95599748 0.98019867 0.99501248 1.         0.99501248
  0.98019867 0.95599748 0.92311635]
 [0.8824969  0.92311635 0.95599748 0.98019867 0.99501248 1.
  0.99501248 0.98019867 0.95599748]
 [0.83527021 0.8824969  0.92311635 0.95599748 0.98019867 0.99501248
  1.         0.99501248 0.98019867]
 [0.78270454 0.83527021 0.8824969  0.92311635 0.95599748 0.98019867
  0.99501248 1.         0.99501248]
 [0.72614904 0.78270454 0.83527021 0.8824969  0.92311635 0.95599748
  0.98019867 0.99501248 1.        ]]
2025-01-15 11:43:06,770 - INFO - Dang tinh toan ma tran Laplace...
2025-01-15 11:43:12,978 - INFO - Dang tinh vector rieng...
2025-01-15 11:43:16,736 - INFO - Dang phan vung do thi...
2025-01-15 11:43:16,738 - INFO - Mau cua vector rieng (9 hang dau):
[[0.00107995 0.00075352]
 [0.00107995 0.00075352]
 [0.00107995 0.00075352]
 [0.00107995 0.00075351]
 [0.00107995 0.00075351]
 [0.00107995 0.00075351]
 [0.00107995 0.00075351]
 [0.00107995 0.00075351]
 [0.00107995 0.00075351]]
2025-01-15 11:43:17,018 - INFO - Nhan gan cho 27 pixel dau tien: [1 1 1 1 1 1 1 1 1 1 1 1 1 1 1 1 1 1 1 1 1 1 1 1 1 1 1]
2025-01-15 11:43:17,018 - INFO - Dang hien thi ket qua...
2025-01-15 11:43:17,018 - INFO - Thoi gian: 12.188633918762207 giay
2025-01-15 11:43:37,831 - INFO - Dang tinh toan ma tran trong so...
2025-01-15 11:43:37,831 - INFO - Kich thuoc anh: 59x60x3
2025-01-15 11:43:37,833 - INFO - Kich thuoc dac trung mau: (3540, 3), Kich thuoc toa do: (3540, 2)
2025-01-15 11:43:37,833 - INFO - Dac trung mau (9 phan tu dau):
[[1. 1. 1.]
 [1. 1. 1.]
 [1. 1. 1.]
 [1. 1. 1.]
 [1. 1. 1.]
 [1. 1. 1.]
 [1. 1. 1.]
 [1. 1. 1.]
 [1. 1. 1.]]
2025-01-15 11:43:37,833 - INFO - Toa do (9 phan tu dau):
[[0 0]
 [1 0]
 [2 0]
 [3 0]
 [4 0]
 [5 0]
 [6 0]
 [7 0]
 [8 0]]
2025-01-15 11:43:38,404 - INFO - Manh cua W (9x9 phan tu dau):
[[1.         0.99501248 0.98019867 0.95599748 0.92311635 0.8824969
  0.83527021 0.78270454 0.72614904]
 [0.99501248 1.         0.99501248 0.98019867 0.95599748 0.92311635
  0.8824969  0.83527021 0.78270454]
 [0.98019867 0.99501248 1.         0.99501248 0.98019867 0.95599748
  0.92311635 0.8824969  0.83527021]
 [0.95599748 0.98019867 0.99501248 1.         0.99501248 0.98019867
  0.95599748 0.92311635 0.8824969 ]
 [0.92311635 0.95599748 0.98019867 0.99501248 1.         0.99501248
  0.98019867 0.95599748 0.92311635]
 [0.8824969  0.92311635 0.95599748 0.98019867 0.99501248 1.
  0.99501248 0.98019867 0.95599748]
 [0.83527021 0.8824969  0.92311635 0.95599748 0.98019867 0.99501248
  1.         0.99501248 0.98019867]
 [0.78270454 0.83527021 0.8824969  0.92311635 0.95599748 0.98019867
  0.99501248 1.         0.99501248]
 [0.72614904 0.78270454 0.83527021 0.8824969  0.92311635 0.95599748
  0.98019867 0.99501248 1.        ]]
2025-01-15 11:43:38,404 - INFO - Dang tinh toan ma tran Laplace...
2025-01-15 11:43:38,432 - INFO - Dang tinh vector rieng...
2025-01-15 11:43:42,308 - INFO - Dang phan vung do thi...
2025-01-15 11:43:42,309 - INFO - Mau cua vector rieng (9 hang dau):
[[ 0.00107995 -0.00075352]
 [ 0.00107995 -0.00075352]
 [ 0.00107995 -0.00075352]
 [ 0.00107995 -0.00075351]
 [ 0.00107995 -0.00075351]
 [ 0.00107995 -0.00075351]
 [ 0.00107995 -0.00075351]
 [ 0.00107995 -0.00075351]
 [ 0.00107995 -0.00075351]]
2025-01-15 11:43:42,316 - INFO - Nhan gan cho 27 pixel dau tien: [1 1 1 1 1 1 1 1 1 1 1 1 1 1 1 1 1 1 1 1 1 1 1 1 1 1 1]
2025-01-15 11:43:42,316 - INFO - Dang hien thi ket qua...
2025-01-15 11:43:42,316 - INFO - Thoi gian: 4.525165319442749 giay
2025-01-15 11:44:11,281 - INFO - Dang tinh toan ma tran trong so...
2025-01-15 11:44:11,281 - INFO - Kich thuoc anh: 59x60x3
2025-01-15 11:44:11,285 - INFO - Kich thuoc dac trung mau: (3540, 3), Kich thuoc toa do: (3540, 2)
2025-01-15 11:44:11,286 - INFO - Dac trung mau (9 phan tu dau):
[[1. 1. 1.]
 [1. 1. 1.]
 [1. 1. 1.]
 [1. 1. 1.]
 [1. 1. 1.]
 [1. 1. 1.]
 [1. 1. 1.]
 [1. 1. 1.]
 [1. 1. 1.]]
2025-01-15 11:44:11,286 - INFO - Toa do (9 phan tu dau):
[[0 0]
 [1 0]
 [2 0]
 [3 0]
 [4 0]
 [5 0]
 [6 0]
 [7 0]
 [8 0]]
2025-01-15 11:44:11,781 - INFO - Manh cua W (9x9 phan tu dau):
[[1.         0.99501248 0.98019867 0.95599748 0.92311635 0.8824969
  0.83527021 0.78270454 0.72614904]
 [0.99501248 1.         0.99501248 0.98019867 0.95599748 0.92311635
  0.8824969  0.83527021 0.78270454]
 [0.98019867 0.99501248 1.         0.99501248 0.98019867 0.95599748
  0.92311635 0.8824969  0.83527021]
 [0.95599748 0.98019867 0.99501248 1.         0.99501248 0.98019867
  0.95599748 0.92311635 0.8824969 ]
 [0.92311635 0.95599748 0.98019867 0.99501248 1.         0.99501248
  0.98019867 0.95599748 0.92311635]
 [0.8824969  0.92311635 0.95599748 0.98019867 0.99501248 1.
  0.99501248 0.98019867 0.95599748]
 [0.83527021 0.8824969  0.92311635 0.95599748 0.98019867 0.99501248
  1.         0.99501248 0.98019867]
 [0.78270454 0.83527021 0.8824969  0.92311635 0.95599748 0.98019867
  0.99501248 1.         0.99501248]
 [0.72614904 0.78270454 0.83527021 0.8824969  0.92311635 0.95599748
  0.98019867 0.99501248 1.        ]]
2025-01-15 11:44:11,783 - INFO - Dang tinh toan ma tran Laplace...
2025-01-15 11:44:17,839 - INFO - Dang tinh vector rieng...
2025-01-15 11:44:21,286 - INFO - Dang phan vung do thi...
2025-01-15 11:44:21,287 - INFO - Mau cua vector rieng (9 hang dau):
[[0.00107995 0.00075352]
 [0.00107995 0.00075352]
 [0.00107995 0.00075352]
 [0.00107995 0.00075351]
 [0.00107995 0.00075351]
 [0.00107995 0.00075351]
 [0.00107995 0.00075351]
 [0.00107995 0.00075351]
 [0.00107995 0.00075351]]
2025-01-15 11:44:21,471 - INFO - Nhan gan cho 27 pixel dau tien: [1 1 1 1 1 1 1 1 1 1 1 1 1 1 1 1 1 1 1 1 1 1 1 1 1 1 1]
2025-01-15 11:44:21,471 - INFO - Dang hien thi ket qua...
2025-01-15 11:44:21,471 - INFO - Thoi gian: 11.591514348983765 giay
2025-01-15 11:44:23,148 - INFO - Dang tinh toan ma tran trong so...
2025-01-15 11:44:23,148 - INFO - Kich thuoc anh: 59x60x3
2025-01-15 11:44:23,149 - INFO - Kich thuoc dac trung mau: (3540, 3), Kich thuoc toa do: (3540, 2)
2025-01-15 11:44:23,150 - INFO - Dac trung mau (9 phan tu dau):
[[1. 1. 1.]
 [1. 1. 1.]
 [1. 1. 1.]
 [1. 1. 1.]
 [1. 1. 1.]
 [1. 1. 1.]
 [1. 1. 1.]
 [1. 1. 1.]
 [1. 1. 1.]]
2025-01-15 11:44:23,153 - INFO - Toa do (9 phan tu dau):
[[0 0]
 [1 0]
 [2 0]
 [3 0]
 [4 0]
 [5 0]
 [6 0]
 [7 0]
 [8 0]]
2025-01-15 11:44:23,652 - INFO - Manh cua W (9x9 phan tu dau):
[[1.         0.99501248 0.98019867 0.95599748 0.92311635 0.8824969
  0.83527021 0.78270454 0.72614904]
 [0.99501248 1.         0.99501248 0.98019867 0.95599748 0.92311635
  0.8824969  0.83527021 0.78270454]
 [0.98019867 0.99501248 1.         0.99501248 0.98019867 0.95599748
  0.92311635 0.8824969  0.83527021]
 [0.95599748 0.98019867 0.99501248 1.         0.99501248 0.98019867
  0.95599748 0.92311635 0.8824969 ]
 [0.92311635 0.95599748 0.98019867 0.99501248 1.         0.99501248
  0.98019867 0.95599748 0.92311635]
 [0.8824969  0.92311635 0.95599748 0.98019867 0.99501248 1.
  0.99501248 0.98019867 0.95599748]
 [0.83527021 0.8824969  0.92311635 0.95599748 0.98019867 0.99501248
  1.         0.99501248 0.98019867]
 [0.78270454 0.83527021 0.8824969  0.92311635 0.95599748 0.98019867
  0.99501248 1.         0.99501248]
 [0.72614904 0.78270454 0.83527021 0.8824969  0.92311635 0.95599748
  0.98019867 0.99501248 1.        ]]
2025-01-15 11:44:23,653 - INFO - Dang tinh toan ma tran Laplace...
2025-01-15 11:44:23,677 - INFO - Dang tinh vector rieng...
2025-01-15 11:44:27,407 - INFO - Dang phan vung do thi...
2025-01-15 11:44:27,409 - INFO - Mau cua vector rieng (9 hang dau):
[[ 0.00107995 -0.00075352]
 [ 0.00107995 -0.00075352]
 [ 0.00107995 -0.00075352]
 [ 0.00107995 -0.00075351]
 [ 0.00107995 -0.00075351]
 [ 0.00107995 -0.00075351]
 [ 0.00107995 -0.00075351]
 [ 0.00107995 -0.00075351]
 [ 0.00107995 -0.00075351]]
2025-01-15 11:44:27,414 - INFO - Nhan gan cho 27 pixel dau tien: [1 1 1 1 1 1 1 1 1 1 1 1 1 1 1 1 1 1 1 1 1 1 1 1 1 1 1]
2025-01-15 11:44:27,414 - INFO - Dang hien thi ket qua...
2025-01-15 11:44:27,414 - INFO - Thoi gian: 4.296367883682251 giay
