2025-01-12 17:03:10,327 - INFO - Computing weight matrix...
2025-01-12 17:03:10,327 - INFO - Kích th\u01b0\u1edbc \u1ea3nh: 59x60x3
2025-01-12 17:03:11,646 - INFO - Kích th\u01b0\u1edbc \u0111\u1eb7c tr\u01b0ng màu: (3540, 3), Kích th\u01b0\u1edbc t\u1ecda \u0111\u1ed9: (3540, 2)
2025-01-12 17:03:11,647 - INFO - \u0111\u1eb7c tr\u01b0ng màu:
[[1. 1. 1.]
 [1. 1. 1.]
 [1. 1. 1.]
 [1. 1. 1.]
 [1. 1. 1.]
 [1. 1. 1.]
 [1. 1. 1.]
 [1. 1. 1.]
 [1. 1. 1.]]
2025-01-12 17:03:11,648 - INFO - t\u1ecda \u0111\u1ed9:
[[0 0]
 [1 0]
 [2 0]
 [3 0]
 [4 0]
 [5 0]
 [6 0]
 [7 0]
 [8 0]]
2025-01-12 17:03:11,972 - INFO - M\u1eabu c\u1ee7a W (9x9 ph\u1ea7n t\u1eed \u0111\u1ea7u):
[[1.         0.99501246 0.9801987  0.95599747 0.9231163  0.8824969
  0.8352702  0.78270453 0.726149  ]
 [0.99501246 1.         0.99501246 0.9801987  0.95599747 0.9231163
  0.8824969  0.8352702  0.78270453]
 [0.9801987  0.99501246 1.         0.99501246 0.9801987  0.95599747
  0.9231163  0.8824969  0.8352702 ]
 [0.95599747 0.9801987  0.99501246 1.         0.99501246 0.9801987
  0.95599747 0.9231163  0.8824969 ]
 [0.9231163  0.95599747 0.9801987  0.99501246 1.         0.99501246
  0.9801987  0.95599747 0.9231163 ]
 [0.8824969  0.9231163  0.95599747 0.9801987  0.99501246 1.
  0.99501246 0.9801987  0.95599747]
 [0.8352702  0.8824969  0.9231163  0.95599747 0.9801987  0.99501246
  1.         0.99501246 0.9801987 ]
 [0.78270453 0.8352702  0.8824969  0.9231163  0.95599747 0.9801987
  0.99501246 1.         0.99501246]
 [0.726149   0.78270453 0.8352702  0.8824969  0.9231163  0.95599747
  0.9801987  0.99501246 1.        ]]
2025-01-12 17:03:11,972 - INFO - Computing Laplacian...
2025-01-12 17:03:12,458 - INFO - Computing eigenvectors...
2025-01-12 17:03:12,591 - INFO - Partitioning graph...
2025-01-12 17:03:12,591 - INFO - M\u1eabu c\u1ee7a vector riêng (9 hàng \u0111\u1ea7u):
[[1.0798806e-03 7.5362349e-04 4.3667664e-05]
 [1.0798802e-03 7.5362285e-04 4.3663600e-05]
 [1.0798801e-03 7.5362180e-04 4.3659136e-05]
 [1.0798805e-03 7.5362052e-04 4.3654272e-05]
 [1.0798803e-03 7.5361942e-04 4.3648928e-05]
 [1.0798803e-03 7.5361808e-04 4.3643136e-05]
 [1.0798806e-03 7.5361697e-04 4.3636865e-05]
 [1.0798804e-03 7.5361528e-04 4.3629971e-05]
 [1.0798806e-03 7.5361354e-04 4.3622495e-05]]
2025-01-12 17:03:12,726 - INFO - Nhãn gán cho 27 pixel \u0111\u1ea7u tiên: [2 2 2 2 2 2 2 2 2 2 2 2 2 2 2 2 2 2 2 2 2 2 2 2 2 2 2]
2025-01-12 17:03:12,727 - INFO - Displaying results...
2025-01-12 17:03:12,727 - INFO - th\u1eddi gian: 2.408979654312134 giây
