2025-02-08 20:13:33,681 - INFO - Kich thuoc anh: 59x60x3
2025-02-08 20:13:33,682 - INFO - Kich thuoc dac trung mau: (3540, 3), Kich thuoc toa do: (3540, 2)
2025-02-08 20:13:33,682 - INFO - Dac trung mau:
[[1. 1. 1.]
 [1. 1. 1.]
 [1. 1. 1.]
 [1. 1. 1.]
 [1. 1. 1.]
 [1. 1. 1.]
 [1. 1. 1.]
 [1. 1. 1.]
 [1. 1. 1.]]
2025-02-08 20:13:33,682 - INFO - Toa do:
[[0 0]
 [1 0]
 [2 0]
 [3 0]
 [4 0]
 [5 0]
 [6 0]
 [7 0]
 [8 0]]
2025-02-08 20:13:34,378 - INFO - Kich thuoc ma tran trong so (W): (3540, 3540)
2025-02-08 20:13:34,379 - INFO - Kich thuoc ma tran thua (W_sparse): (3540, 3540)
2025-02-08 20:13:34,379 - INFO - So luong phan tu khac 0: 12531600
2025-02-08 20:13:34,380 - INFO - Mau cua W_features (9x9 phan tu dau):
[[1. 1. 1. 1. 1. 1. 1. 1. 1.]
 [1. 1. 1. 1. 1. 1. 1. 1. 1.]
 [1. 1. 1. 1. 1. 1. 1. 1. 1.]
 [1. 1. 1. 1. 1. 1. 1. 1. 1.]
 [1. 1. 1. 1. 1. 1. 1. 1. 1.]
 [1. 1. 1. 1. 1. 1. 1. 1. 1.]
 [1. 1. 1. 1. 1. 1. 1. 1. 1.]
 [1. 1. 1. 1. 1. 1. 1. 1. 1.]
 [1. 1. 1. 1. 1. 1. 1. 1. 1.]]
2025-02-08 20:13:34,381 - INFO - Mau cua W_coords (9x9 phan tu dau):
[[1.         0.99501248 0.98019867 0.95599748 0.92311635 0.8824969
  0.83527021 0.78270454 0.72614904]
 [0.99501248 1.         0.99501248 0.98019867 0.95599748 0.92311635
  0.8824969  0.83527021 0.78270454]
 [0.98019867 0.99501248 1.         0.99501248 0.98019867 0.95599748
  0.92311635 0.8824969  0.83527021]
 [0.95599748 0.98019867 0.99501248 1.         0.99501248 0.98019867
  0.95599748 0.92311635 0.8824969 ]
 [0.92311635 0.95599748 0.98019867 0.99501248 1.         0.99501248
  0.98019867 0.95599748 0.92311635]
 [0.8824969  0.92311635 0.95599748 0.98019867 0.99501248 1.
  0.99501248 0.98019867 0.95599748]
 [0.83527021 0.8824969  0.92311635 0.95599748 0.98019867 0.99501248
  1.         0.99501248 0.98019867]
 [0.78270454 0.83527021 0.8824969  0.92311635 0.95599748 0.98019867
  0.99501248 1.         0.99501248]
 [0.72614904 0.78270454 0.83527021 0.8824969  0.92311635 0.95599748
  0.98019867 0.99501248 1.        ]]
2025-02-08 20:13:34,381 - INFO - Mau cua W (9x9 phan tu dau):
[[1.         0.99501248 0.98019867 0.95599748 0.92311635 0.8824969
  0.83527021 0.78270454 0.72614904]
 [0.99501248 1.         0.99501248 0.98019867 0.95599748 0.92311635
  0.8824969  0.83527021 0.78270454]
 [0.98019867 0.99501248 1.         0.99501248 0.98019867 0.95599748
  0.92311635 0.8824969  0.83527021]
 [0.95599748 0.98019867 0.99501248 1.         0.99501248 0.98019867
  0.95599748 0.92311635 0.8824969 ]
 [0.92311635 0.95599748 0.98019867 0.99501248 1.         0.99501248
  0.98019867 0.95599748 0.92311635]
 [0.8824969  0.92311635 0.95599748 0.98019867 0.99501248 1.
  0.99501248 0.98019867 0.95599748]
 [0.83527021 0.8824969  0.92311635 0.95599748 0.98019867 0.99501248
  1.         0.99501248 0.98019867]
 [0.78270454 0.83527021 0.8824969  0.92311635 0.95599748 0.98019867
  0.99501248 1.         0.99501248]
 [0.72614904 0.78270454 0.83527021 0.8824969  0.92311635 0.95599748
  0.98019867 0.99501248 1.        ]]
2025-02-08 20:13:36,373 - INFO - Manh cua vector rieng (9 hang dau):
[[-0.01680732  0.01421284  0.00226391]
 [-0.01680732  0.01421278  0.00226383]
 [-0.01680732  0.01421273  0.00226374]
 [-0.01680732  0.01421268  0.00226367]
 [-0.01680732  0.01421264  0.0022636 ]
 [-0.01680732  0.0142126   0.00226353]
 [-0.01680732  0.01421256  0.00226346]
 [-0.01680732  0.01421252  0.00226339]
 [-0.01680732  0.01421248  0.00226332]]
2025-02-08 20:13:36,505 - INFO - Nhan gan cho 27 pixel dau tien: [1 1 1 1 1 1 1 1 1 1 1 1 1 1 1 1 1 1 1 1 1 1 1 1 1 1 1]
2025-02-08 20:13:38,198 - INFO - Thoi gian: 4.5530805587768555 giay
2025-02-08 20:13:38,201 - INFO - Kich thuoc anh: 59x60x3
2025-02-08 20:13:38,202 - INFO - Kich thuoc dac trung mau: (3540, 3), Kich thuoc toa do: (3540, 2)
2025-02-08 20:13:38,202 - INFO - Dac trung mau:
[[1. 1. 1.]
 [1. 1. 1.]
 [1. 1. 1.]
 [1. 1. 1.]
 [1. 1. 1.]
 [1. 1. 1.]
 [1. 1. 1.]
 [1. 1. 1.]
 [1. 1. 1.]]
2025-02-08 20:13:38,203 - INFO - Toa do:
[[0 0]
 [1 0]
 [2 0]
 [3 0]
 [4 0]
 [5 0]
 [6 0]
 [7 0]
 [8 0]]
2025-02-08 20:13:38,663 - INFO - Kich thuoc ma tran trong so (W): (3540, 3540)
2025-02-08 20:13:38,664 - INFO - Kich thuoc ma tran thua (W_sparse): (3540, 3540)
2025-02-08 20:13:38,664 - INFO - So luong phan tu khac 0: 12531600
2025-02-08 20:13:38,664 - INFO - Mau cua W_features (9x9 phan tu dau):
[[1. 1. 1. 1. 1. 1. 1. 1. 1.]
 [1. 1. 1. 1. 1. 1. 1. 1. 1.]
 [1. 1. 1. 1. 1. 1. 1. 1. 1.]
 [1. 1. 1. 1. 1. 1. 1. 1. 1.]
 [1. 1. 1. 1. 1. 1. 1. 1. 1.]
 [1. 1. 1. 1. 1. 1. 1. 1. 1.]
 [1. 1. 1. 1. 1. 1. 1. 1. 1.]
 [1. 1. 1. 1. 1. 1. 1. 1. 1.]
 [1. 1. 1. 1. 1. 1. 1. 1. 1.]]
2025-02-08 20:13:38,665 - INFO - Mau cua W_coords (9x9 phan tu dau):
[[1.         0.99501248 0.98019867 0.95599748 0.92311635 0.8824969
  0.83527021 0.78270454 0.72614904]
 [0.99501248 1.         0.99501248 0.98019867 0.95599748 0.92311635
  0.8824969  0.83527021 0.78270454]
 [0.98019867 0.99501248 1.         0.99501248 0.98019867 0.95599748
  0.92311635 0.8824969  0.83527021]
 [0.95599748 0.98019867 0.99501248 1.         0.99501248 0.98019867
  0.95599748 0.92311635 0.8824969 ]
 [0.92311635 0.95599748 0.98019867 0.99501248 1.         0.99501248
  0.98019867 0.95599748 0.92311635]
 [0.8824969  0.92311635 0.95599748 0.98019867 0.99501248 1.
  0.99501248 0.98019867 0.95599748]
 [0.83527021 0.8824969  0.92311635 0.95599748 0.98019867 0.99501248
  1.         0.99501248 0.98019867]
 [0.78270454 0.83527021 0.8824969  0.92311635 0.95599748 0.98019867
  0.99501248 1.         0.99501248]
 [0.72614904 0.78270454 0.83527021 0.8824969  0.92311635 0.95599748
  0.98019867 0.99501248 1.        ]]
2025-02-08 20:13:38,665 - INFO - Mau cua W (9x9 phan tu dau):
[[1.         0.99501248 0.98019867 0.95599748 0.92311635 0.8824969
  0.83527021 0.78270454 0.72614904]
 [0.99501248 1.         0.99501248 0.98019867 0.95599748 0.92311635
  0.8824969  0.83527021 0.78270454]
 [0.98019867 0.99501248 1.         0.99501248 0.98019867 0.95599748
  0.92311635 0.8824969  0.83527021]
 [0.95599748 0.98019867 0.99501248 1.         0.99501248 0.98019867
  0.95599748 0.92311635 0.8824969 ]
 [0.92311635 0.95599748 0.98019867 0.99501248 1.         0.99501248
  0.98019867 0.95599748 0.92311635]
 [0.8824969  0.92311635 0.95599748 0.98019867 0.99501248 1.
  0.99501248 0.98019867 0.95599748]
 [0.83527021 0.8824969  0.92311635 0.95599748 0.98019867 0.99501248
  1.         0.99501248 0.98019867]
 [0.78270454 0.83527021 0.8824969  0.92311635 0.95599748 0.98019867
  0.99501248 1.         0.99501248]
 [0.72614904 0.78270454 0.83527021 0.8824969  0.92311635 0.95599748
  0.98019867 0.99501248 1.        ]]
2025-02-08 20:13:43,820 - INFO - Manh cua vector rieng (9 hang dau):
[[-1.17203261e-02 -6.26298725e-05  5.18835066e-03]
 [-1.28272531e-02 -6.06465429e-05  5.63006979e-03]
 [-1.39562251e-02 -6.37427369e-05  6.05441437e-03]
 [-1.50974757e-02 -5.72109378e-05  6.49127248e-03]
 [-1.62414187e-02 -6.06152616e-05  6.88854704e-03]
 [-1.73774431e-02 -5.44386343e-05  7.28769245e-03]
 [-1.84955374e-02 -5.62181123e-05  7.64199345e-03]
 [-1.95850164e-02 -4.46517977e-05  7.99765394e-03]
 [-2.06361988e-02 -3.89648252e-05  8.30488562e-03]]
2025-02-08 20:13:43,826 - INFO - Nhan gan cho 27 pixel dau tien: [2 2 2 2 2 2 2 2 2 2 2 2 2 2 2 2 2 2 2 2 2 2 2 2 2 2 2]
2025-02-08 20:13:45,598 - INFO - Thoi gian: 7.398831844329834 giay
2025-02-08 20:13:45,600 - INFO - Kich thuoc anh: 59x60x3
2025-02-08 20:13:45,600 - INFO - Kich thuoc dac trung mau: (3540, 3), Kich thuoc toa do: (3540, 2)
2025-02-08 20:13:45,600 - INFO - Dac trung mau:
[[1. 1. 1.]
 [1. 1. 1.]
 [1. 1. 1.]
 [1. 1. 1.]
 [1. 1. 1.]
 [1. 1. 1.]
 [1. 1. 1.]
 [1. 1. 1.]
 [1. 1. 1.]]
2025-02-08 20:13:45,600 - INFO - Toa do:
[[0 0]
 [1 0]
 [2 0]
 [3 0]
 [4 0]
 [5 0]
 [6 0]
 [7 0]
 [8 0]]
2025-02-08 20:13:46,043 - INFO - Kich thuoc ma tran trong so (W): (3540, 3540)
2025-02-08 20:13:46,044 - INFO - Kich thuoc ma tran thua (W_sparse): (3540, 3540)
2025-02-08 20:13:46,044 - INFO - So luong phan tu khac 0: 12531600
2025-02-08 20:13:46,044 - INFO - Mau cua W_features (9x9 phan tu dau):
[[1. 1. 1. 1. 1. 1. 1. 1. 1.]
 [1. 1. 1. 1. 1. 1. 1. 1. 1.]
 [1. 1. 1. 1. 1. 1. 1. 1. 1.]
 [1. 1. 1. 1. 1. 1. 1. 1. 1.]
 [1. 1. 1. 1. 1. 1. 1. 1. 1.]
 [1. 1. 1. 1. 1. 1. 1. 1. 1.]
 [1. 1. 1. 1. 1. 1. 1. 1. 1.]
 [1. 1. 1. 1. 1. 1. 1. 1. 1.]
 [1. 1. 1. 1. 1. 1. 1. 1. 1.]]
2025-02-08 20:13:46,045 - INFO - Mau cua W_coords (9x9 phan tu dau):
[[1.         0.99501248 0.98019867 0.95599748 0.92311635 0.8824969
  0.83527021 0.78270454 0.72614904]
 [0.99501248 1.         0.99501248 0.98019867 0.95599748 0.92311635
  0.8824969  0.83527021 0.78270454]
 [0.98019867 0.99501248 1.         0.99501248 0.98019867 0.95599748
  0.92311635 0.8824969  0.83527021]
 [0.95599748 0.98019867 0.99501248 1.         0.99501248 0.98019867
  0.95599748 0.92311635 0.8824969 ]
 [0.92311635 0.95599748 0.98019867 0.99501248 1.         0.99501248
  0.98019867 0.95599748 0.92311635]
 [0.8824969  0.92311635 0.95599748 0.98019867 0.99501248 1.
  0.99501248 0.98019867 0.95599748]
 [0.83527021 0.8824969  0.92311635 0.95599748 0.98019867 0.99501248
  1.         0.99501248 0.98019867]
 [0.78270454 0.83527021 0.8824969  0.92311635 0.95599748 0.98019867
  0.99501248 1.         0.99501248]
 [0.72614904 0.78270454 0.83527021 0.8824969  0.92311635 0.95599748
  0.98019867 0.99501248 1.        ]]
2025-02-08 20:13:46,045 - INFO - Mau cua W (9x9 phan tu dau):
[[1.         0.99501248 0.98019867 0.95599748 0.92311635 0.8824969
  0.83527021 0.78270454 0.72614904]
 [0.99501248 1.         0.99501248 0.98019867 0.95599748 0.92311635
  0.8824969  0.83527021 0.78270454]
 [0.98019867 0.99501248 1.         0.99501248 0.98019867 0.95599748
  0.92311635 0.8824969  0.83527021]
 [0.95599748 0.98019867 0.99501248 1.         0.99501248 0.98019867
  0.95599748 0.92311635 0.8824969 ]
 [0.92311635 0.95599748 0.98019867 0.99501248 1.         0.99501248
  0.98019867 0.95599748 0.92311635]
 [0.8824969  0.92311635 0.95599748 0.98019867 0.99501248 1.
  0.99501248 0.98019867 0.95599748]
 [0.83527021 0.8824969  0.92311635 0.95599748 0.98019867 0.99501248
  1.         0.99501248 0.98019867]
 [0.78270454 0.83527021 0.8824969  0.92311635 0.95599748 0.98019867
  0.99501248 1.         0.99501248]
 [0.72614904 0.78270454 0.83527021 0.8824969  0.92311635 0.95599748
  0.98019867 0.99501248 1.        ]]
2025-02-08 20:14:01,162 - INFO - Manh cua vector rieng (9 hang dau):
[[-1.17197565e-02 -1.70314159e-05 -5.31889253e-03]
 [-1.28267484e-02 -1.76525403e-05 -5.75544079e-03]
 [-1.39557056e-02 -1.91756614e-05 -6.18453091e-03]
 [-1.50971618e-02 -2.28555121e-05 -6.59785730e-03]
 [-1.62409613e-02 -1.81126603e-05 -7.01496996e-03]
 [-1.73769136e-02 -7.72711282e-06 -7.42406302e-03]
 [-1.84950157e-02 -9.75024224e-06 -7.77786252e-03]
 [-1.95844667e-02  3.31504517e-06 -8.13632908e-03]
 [-2.06356609e-02  8.17181280e-06 -8.44081694e-03]]
2025-02-08 20:14:01,167 - INFO - Nhan gan cho 27 pixel dau tien: [2 2 2 2 2 2 2 2 2 2 2 2 2 2 2 2 2 2 2 2 2 2 2 2 2 2 2]
2025-02-08 20:14:02,819 - INFO - Thoi gian: 17.219221115112305 giay
2025-02-08 20:14:02,821 - INFO - Kich thuoc anh: 59x60x3
2025-02-08 20:14:02,821 - INFO - Kich thuoc dac trung mau: (3540, 3), Kich thuoc toa do: (3540, 2)
2025-02-08 20:14:02,822 - INFO - Dac trung mau:
[[1. 1. 1.]
 [1. 1. 1.]
 [1. 1. 1.]
 [1. 1. 1.]
 [1. 1. 1.]
 [1. 1. 1.]
 [1. 1. 1.]
 [1. 1. 1.]
 [1. 1. 1.]]
2025-02-08 20:14:02,822 - INFO - Toa do:
[[0 0]
 [1 0]
 [2 0]
 [3 0]
 [4 0]
 [5 0]
 [6 0]
 [7 0]
 [8 0]]
2025-02-08 20:14:03,278 - INFO - Kich thuoc ma tran trong so (W): (3540, 3540)
2025-02-08 20:14:03,278 - INFO - Kich thuoc ma tran thua (W_sparse): (3540, 3540)
2025-02-08 20:14:03,278 - INFO - So luong phan tu khac 0: 12531600
2025-02-08 20:14:03,279 - INFO - Mau cua W_features (9x9 phan tu dau):
[[1. 1. 1. 1. 1. 1. 1. 1. 1.]
 [1. 1. 1. 1. 1. 1. 1. 1. 1.]
 [1. 1. 1. 1. 1. 1. 1. 1. 1.]
 [1. 1. 1. 1. 1. 1. 1. 1. 1.]
 [1. 1. 1. 1. 1. 1. 1. 1. 1.]
 [1. 1. 1. 1. 1. 1. 1. 1. 1.]
 [1. 1. 1. 1. 1. 1. 1. 1. 1.]
 [1. 1. 1. 1. 1. 1. 1. 1. 1.]
 [1. 1. 1. 1. 1. 1. 1. 1. 1.]]
2025-02-08 20:14:03,279 - INFO - Mau cua W_coords (9x9 phan tu dau):
[[1.         0.99501248 0.98019867 0.95599748 0.92311635 0.8824969
  0.83527021 0.78270454 0.72614904]
 [0.99501248 1.         0.99501248 0.98019867 0.95599748 0.92311635
  0.8824969  0.83527021 0.78270454]
 [0.98019867 0.99501248 1.         0.99501248 0.98019867 0.95599748
  0.92311635 0.8824969  0.83527021]
 [0.95599748 0.98019867 0.99501248 1.         0.99501248 0.98019867
  0.95599748 0.92311635 0.8824969 ]
 [0.92311635 0.95599748 0.98019867 0.99501248 1.         0.99501248
  0.98019867 0.95599748 0.92311635]
 [0.8824969  0.92311635 0.95599748 0.98019867 0.99501248 1.
  0.99501248 0.98019867 0.95599748]
 [0.83527021 0.8824969  0.92311635 0.95599748 0.98019867 0.99501248
  1.         0.99501248 0.98019867]
 [0.78270454 0.83527021 0.8824969  0.92311635 0.95599748 0.98019867
  0.99501248 1.         0.99501248]
 [0.72614904 0.78270454 0.83527021 0.8824969  0.92311635 0.95599748
  0.98019867 0.99501248 1.        ]]
2025-02-08 20:14:03,280 - INFO - Mau cua W (9x9 phan tu dau):
[[1.         0.99501248 0.98019867 0.95599748 0.92311635 0.8824969
  0.83527021 0.78270454 0.72614904]
 [0.99501248 1.         0.99501248 0.98019867 0.95599748 0.92311635
  0.8824969  0.83527021 0.78270454]
 [0.98019867 0.99501248 1.         0.99501248 0.98019867 0.95599748
  0.92311635 0.8824969  0.83527021]
 [0.95599748 0.98019867 0.99501248 1.         0.99501248 0.98019867
  0.95599748 0.92311635 0.8824969 ]
 [0.92311635 0.95599748 0.98019867 0.99501248 1.         0.99501248
  0.98019867 0.95599748 0.92311635]
 [0.8824969  0.92311635 0.95599748 0.98019867 0.99501248 1.
  0.99501248 0.98019867 0.95599748]
 [0.83527021 0.8824969  0.92311635 0.95599748 0.98019867 0.99501248
  1.         0.99501248 0.98019867]
 [0.78270454 0.83527021 0.8824969  0.92311635 0.95599748 0.98019867
  0.99501248 1.         0.99501248]
 [0.72614904 0.78270454 0.83527021 0.8824969  0.92311635 0.95599748
  0.98019867 0.99501248 1.        ]]
2025-02-08 20:14:20,000 - INFO - Manh cua vector rieng (9 hang dau):
[[-1.17201199e-02 -4.05869190e-05  5.23642662e-03]
 [-1.28271584e-02 -4.46629361e-05  5.66182649e-03]
 [-1.39561211e-02 -4.70832552e-05  6.08662565e-03]
 [-1.50975300e-02 -4.87893929e-05  6.50269043e-03]
 [-1.62414496e-02 -5.13590648e-05  6.90009616e-03]
 [-1.73776030e-02 -5.21754346e-05  7.28122583e-03]
 [-1.84956887e-02 -5.45271056e-05  7.63164526e-03]
 [-1.95853660e-02 -5.38432197e-05  7.96001789e-03]
 [-2.06366212e-02 -5.27903791e-05  8.25458839e-03]]
2025-02-08 20:14:20,005 - INFO - Nhan gan cho 27 pixel dau tien: [0 0 0 0 0 0 0 0 0 0 0 0 0 0 0 0 0 0 0 0 0 0 0 0 0 0 0]
2025-02-08 20:14:21,636 - INFO - Thoi gian: 18.81468963623047 giay
2025-02-08 20:14:21,638 - INFO - Kich thuoc anh: 59x60x3
2025-02-08 20:14:21,638 - INFO - Kich thuoc dac trung mau: (3540, 3), Kich thuoc toa do: (3540, 2)
2025-02-08 20:14:21,638 - INFO - Dac trung mau:
[[1. 1. 1.]
 [1. 1. 1.]
 [1. 1. 1.]
 [1. 1. 1.]
 [1. 1. 1.]
 [1. 1. 1.]
 [1. 1. 1.]
 [1. 1. 1.]
 [1. 1. 1.]]
2025-02-08 20:14:21,639 - INFO - Toa do:
[[0 0]
 [1 0]
 [2 0]
 [3 0]
 [4 0]
 [5 0]
 [6 0]
 [7 0]
 [8 0]]
2025-02-08 20:14:22,137 - INFO - Kich thuoc ma tran trong so (W): (3540, 3540)
2025-02-08 20:14:22,137 - INFO - Kich thuoc ma tran thua (W_sparse): (3540, 3540)
2025-02-08 20:14:22,137 - INFO - So luong phan tu khac 0: 12531600
2025-02-08 20:14:22,138 - INFO - Mau cua W_features (9x9 phan tu dau):
[[1. 1. 1. 1. 1. 1. 1. 1. 1.]
 [1. 1. 1. 1. 1. 1. 1. 1. 1.]
 [1. 1. 1. 1. 1. 1. 1. 1. 1.]
 [1. 1. 1. 1. 1. 1. 1. 1. 1.]
 [1. 1. 1. 1. 1. 1. 1. 1. 1.]
 [1. 1. 1. 1. 1. 1. 1. 1. 1.]
 [1. 1. 1. 1. 1. 1. 1. 1. 1.]
 [1. 1. 1. 1. 1. 1. 1. 1. 1.]
 [1. 1. 1. 1. 1. 1. 1. 1. 1.]]
2025-02-08 20:14:22,138 - INFO - Mau cua W_coords (9x9 phan tu dau):
[[1.         0.99501248 0.98019867 0.95599748 0.92311635 0.8824969
  0.83527021 0.78270454 0.72614904]
 [0.99501248 1.         0.99501248 0.98019867 0.95599748 0.92311635
  0.8824969  0.83527021 0.78270454]
 [0.98019867 0.99501248 1.         0.99501248 0.98019867 0.95599748
  0.92311635 0.8824969  0.83527021]
 [0.95599748 0.98019867 0.99501248 1.         0.99501248 0.98019867
  0.95599748 0.92311635 0.8824969 ]
 [0.92311635 0.95599748 0.98019867 0.99501248 1.         0.99501248
  0.98019867 0.95599748 0.92311635]
 [0.8824969  0.92311635 0.95599748 0.98019867 0.99501248 1.
  0.99501248 0.98019867 0.95599748]
 [0.83527021 0.8824969  0.92311635 0.95599748 0.98019867 0.99501248
  1.         0.99501248 0.98019867]
 [0.78270454 0.83527021 0.8824969  0.92311635 0.95599748 0.98019867
  0.99501248 1.         0.99501248]
 [0.72614904 0.78270454 0.83527021 0.8824969  0.92311635 0.95599748
  0.98019867 0.99501248 1.        ]]
2025-02-08 20:14:22,139 - INFO - Mau cua W (9x9 phan tu dau):
[[1.         0.99501248 0.98019867 0.95599748 0.92311635 0.8824969
  0.83527021 0.78270454 0.72614904]
 [0.99501248 1.         0.99501248 0.98019867 0.95599748 0.92311635
  0.8824969  0.83527021 0.78270454]
 [0.98019867 0.99501248 1.         0.99501248 0.98019867 0.95599748
  0.92311635 0.8824969  0.83527021]
 [0.95599748 0.98019867 0.99501248 1.         0.99501248 0.98019867
  0.95599748 0.92311635 0.8824969 ]
 [0.92311635 0.95599748 0.98019867 0.99501248 1.         0.99501248
  0.98019867 0.95599748 0.92311635]
 [0.8824969  0.92311635 0.95599748 0.98019867 0.99501248 1.
  0.99501248 0.98019867 0.95599748]
 [0.83527021 0.8824969  0.92311635 0.95599748 0.98019867 0.99501248
  1.         0.99501248 0.98019867]
 [0.78270454 0.83527021 0.8824969  0.92311635 0.95599748 0.98019867
  0.99501248 1.         0.99501248]
 [0.72614904 0.78270454 0.83527021 0.8824969  0.92311635 0.95599748
  0.98019867 0.99501248 1.        ]]
2025-02-08 20:14:41,296 - INFO - Manh cua vector rieng (9 hang dau):
[[-1.17192655e-02  1.54391377e-05  5.40601476e-03]
 [-1.28263605e-02  9.46230653e-06  5.83097499e-03]
 [-1.39551503e-02  1.73455479e-05  6.28240857e-03]
 [-1.50964941e-02  1.99567488e-05  6.71096421e-03]
 [-1.62403953e-02  1.95286123e-05  7.11645465e-03]
 [-1.73762835e-02  3.37836422e-05  7.53415422e-03]
 [-1.84944086e-02  3.06519881e-05  7.88590520e-03]
 [-1.95838088e-02  4.68135297e-05  8.25082746e-03]
 [-2.06351454e-02  4.42496316e-05  8.53825005e-03]]
2025-02-08 20:14:41,301 - INFO - Nhan gan cho 27 pixel dau tien: [2 2 2 2 2 2 2 2 2 2 2 2 2 2 2 2 2 2 2 2 2 2 2 2 2 2 2]
2025-02-08 20:14:43,075 - INFO - Thoi gian: 21.438278198242188 giay
2025-02-08 20:14:43,077 - INFO - Kich thuoc anh: 59x60x3
2025-02-08 20:14:43,078 - INFO - Kich thuoc dac trung mau: (3540, 3), Kich thuoc toa do: (3540, 2)
2025-02-08 20:14:43,078 - INFO - Dac trung mau:
[[1. 1. 1.]
 [1. 1. 1.]
 [1. 1. 1.]
 [1. 1. 1.]
 [1. 1. 1.]
 [1. 1. 1.]
 [1. 1. 1.]
 [1. 1. 1.]
 [1. 1. 1.]]
2025-02-08 20:14:43,078 - INFO - Toa do:
[[0 0]
 [1 0]
 [2 0]
 [3 0]
 [4 0]
 [5 0]
 [6 0]
 [7 0]
 [8 0]]
2025-02-08 20:14:43,577 - INFO - Kich thuoc ma tran trong so (W): (3540, 3540)
2025-02-08 20:14:43,577 - INFO - Kich thuoc ma tran thua (W_sparse): (3540, 3540)
2025-02-08 20:14:43,577 - INFO - So luong phan tu khac 0: 12531600
2025-02-08 20:14:43,577 - INFO - Mau cua W_features (9x9 phan tu dau):
[[1. 1. 1. 1. 1. 1. 1. 1. 1.]
 [1. 1. 1. 1. 1. 1. 1. 1. 1.]
 [1. 1. 1. 1. 1. 1. 1. 1. 1.]
 [1. 1. 1. 1. 1. 1. 1. 1. 1.]
 [1. 1. 1. 1. 1. 1. 1. 1. 1.]
 [1. 1. 1. 1. 1. 1. 1. 1. 1.]
 [1. 1. 1. 1. 1. 1. 1. 1. 1.]
 [1. 1. 1. 1. 1. 1. 1. 1. 1.]
 [1. 1. 1. 1. 1. 1. 1. 1. 1.]]
2025-02-08 20:14:43,578 - INFO - Mau cua W_coords (9x9 phan tu dau):
[[1.         0.99501248 0.98019867 0.95599748 0.92311635 0.8824969
  0.83527021 0.78270454 0.72614904]
 [0.99501248 1.         0.99501248 0.98019867 0.95599748 0.92311635
  0.8824969  0.83527021 0.78270454]
 [0.98019867 0.99501248 1.         0.99501248 0.98019867 0.95599748
  0.92311635 0.8824969  0.83527021]
 [0.95599748 0.98019867 0.99501248 1.         0.99501248 0.98019867
  0.95599748 0.92311635 0.8824969 ]
 [0.92311635 0.95599748 0.98019867 0.99501248 1.         0.99501248
  0.98019867 0.95599748 0.92311635]
 [0.8824969  0.92311635 0.95599748 0.98019867 0.99501248 1.
  0.99501248 0.98019867 0.95599748]
 [0.83527021 0.8824969  0.92311635 0.95599748 0.98019867 0.99501248
  1.         0.99501248 0.98019867]
 [0.78270454 0.83527021 0.8824969  0.92311635 0.95599748 0.98019867
  0.99501248 1.         0.99501248]
 [0.72614904 0.78270454 0.83527021 0.8824969  0.92311635 0.95599748
  0.98019867 0.99501248 1.        ]]
2025-02-08 20:14:43,579 - INFO - Mau cua W (9x9 phan tu dau):
[[1.         0.99501248 0.98019867 0.95599748 0.92311635 0.8824969
  0.83527021 0.78270454 0.72614904]
 [0.99501248 1.         0.99501248 0.98019867 0.95599748 0.92311635
  0.8824969  0.83527021 0.78270454]
 [0.98019867 0.99501248 1.         0.99501248 0.98019867 0.95599748
  0.92311635 0.8824969  0.83527021]
 [0.95599748 0.98019867 0.99501248 1.         0.99501248 0.98019867
  0.95599748 0.92311635 0.8824969 ]
 [0.92311635 0.95599748 0.98019867 0.99501248 1.         0.99501248
  0.98019867 0.95599748 0.92311635]
 [0.8824969  0.92311635 0.95599748 0.98019867 0.99501248 1.
  0.99501248 0.98019867 0.95599748]
 [0.83527021 0.8824969  0.92311635 0.95599748 0.98019867 0.99501248
  1.         0.99501248 0.98019867]
 [0.78270454 0.83527021 0.8824969  0.92311635 0.95599748 0.98019867
  0.99501248 1.         0.99501248]
 [0.72614904 0.78270454 0.83527021 0.8824969  0.92311635 0.95599748
  0.98019867 0.99501248 1.        ]]
2025-02-08 20:15:02,289 - INFO - Manh cua vector rieng (9 hang dau):
[[-1.17199035e-02 -2.81395418e-05 -5.28632746e-03]
 [-1.28269417e-02 -3.13049709e-05 -5.71652142e-03]
 [-1.39558611e-02 -3.09260800e-05 -6.15012694e-03]
 [-1.50972480e-02 -3.09968160e-05 -6.57198468e-03]
 [-1.62412137e-02 -3.49861884e-05 -6.96830507e-03]
 [-1.73771177e-02 -2.23772929e-05 -7.38392927e-03]
 [-1.84951835e-02 -2.24125505e-05 -7.74263983e-03]
 [-1.95847927e-02 -1.76298132e-05 -8.08246843e-03]
 [-2.06359443e-02 -1.05344664e-05 -8.39325407e-03]]
2025-02-08 20:15:02,295 - INFO - Nhan gan cho 27 pixel dau tien: [2 2 2 2 2 2 2 2 2 2 2 2 2 2 2 2 2 2 2 2 2 2 2 2 2 2 2]
2025-02-08 20:15:03,882 - INFO - Thoi gian: 20.804929494857788 giay
2025-02-08 20:15:03,884 - INFO - Kich thuoc anh: 59x60x3
2025-02-08 20:15:03,884 - INFO - Kich thuoc dac trung mau: (3540, 3), Kich thuoc toa do: (3540, 2)
2025-02-08 20:15:03,885 - INFO - Dac trung mau:
[[1. 1. 1.]
 [1. 1. 1.]
 [1. 1. 1.]
 [1. 1. 1.]
 [1. 1. 1.]
 [1. 1. 1.]
 [1. 1. 1.]
 [1. 1. 1.]
 [1. 1. 1.]]
2025-02-08 20:15:03,885 - INFO - Toa do:
[[0 0]
 [1 0]
 [2 0]
 [3 0]
 [4 0]
 [5 0]
 [6 0]
 [7 0]
 [8 0]]
2025-02-08 20:15:04,393 - INFO - Kich thuoc ma tran trong so (W): (3540, 3540)
2025-02-08 20:15:04,393 - INFO - Kich thuoc ma tran thua (W_sparse): (3540, 3540)
2025-02-08 20:15:04,393 - INFO - So luong phan tu khac 0: 12531600
2025-02-08 20:15:04,394 - INFO - Mau cua W_features (9x9 phan tu dau):
[[1. 1. 1. 1. 1. 1. 1. 1. 1.]
 [1. 1. 1. 1. 1. 1. 1. 1. 1.]
 [1. 1. 1. 1. 1. 1. 1. 1. 1.]
 [1. 1. 1. 1. 1. 1. 1. 1. 1.]
 [1. 1. 1. 1. 1. 1. 1. 1. 1.]
 [1. 1. 1. 1. 1. 1. 1. 1. 1.]
 [1. 1. 1. 1. 1. 1. 1. 1. 1.]
 [1. 1. 1. 1. 1. 1. 1. 1. 1.]
 [1. 1. 1. 1. 1. 1. 1. 1. 1.]]
2025-02-08 20:15:04,395 - INFO - Mau cua W_coords (9x9 phan tu dau):
[[1.         0.99501248 0.98019867 0.95599748 0.92311635 0.8824969
  0.83527021 0.78270454 0.72614904]
 [0.99501248 1.         0.99501248 0.98019867 0.95599748 0.92311635
  0.8824969  0.83527021 0.78270454]
 [0.98019867 0.99501248 1.         0.99501248 0.98019867 0.95599748
  0.92311635 0.8824969  0.83527021]
 [0.95599748 0.98019867 0.99501248 1.         0.99501248 0.98019867
  0.95599748 0.92311635 0.8824969 ]
 [0.92311635 0.95599748 0.98019867 0.99501248 1.         0.99501248
  0.98019867 0.95599748 0.92311635]
 [0.8824969  0.92311635 0.95599748 0.98019867 0.99501248 1.
  0.99501248 0.98019867 0.95599748]
 [0.83527021 0.8824969  0.92311635 0.95599748 0.98019867 0.99501248
  1.         0.99501248 0.98019867]
 [0.78270454 0.83527021 0.8824969  0.92311635 0.95599748 0.98019867
  0.99501248 1.         0.99501248]
 [0.72614904 0.78270454 0.83527021 0.8824969  0.92311635 0.95599748
  0.98019867 0.99501248 1.        ]]
2025-02-08 20:15:04,395 - INFO - Mau cua W (9x9 phan tu dau):
[[1.         0.99501248 0.98019867 0.95599748 0.92311635 0.8824969
  0.83527021 0.78270454 0.72614904]
 [0.99501248 1.         0.99501248 0.98019867 0.95599748 0.92311635
  0.8824969  0.83527021 0.78270454]
 [0.98019867 0.99501248 1.         0.99501248 0.98019867 0.95599748
  0.92311635 0.8824969  0.83527021]
 [0.95599748 0.98019867 0.99501248 1.         0.99501248 0.98019867
  0.95599748 0.92311635 0.8824969 ]
 [0.92311635 0.95599748 0.98019867 0.99501248 1.         0.99501248
  0.98019867 0.95599748 0.92311635]
 [0.8824969  0.92311635 0.95599748 0.98019867 0.99501248 1.
  0.99501248 0.98019867 0.95599748]
 [0.83527021 0.8824969  0.92311635 0.95599748 0.98019867 0.99501248
  1.         0.99501248 0.98019867]
 [0.78270454 0.83527021 0.8824969  0.92311635 0.95599748 0.98019867
  0.99501248 1.         0.99501248]
 [0.72614904 0.78270454 0.83527021 0.8824969  0.92311635 0.95599748
  0.98019867 0.99501248 1.        ]]
2025-02-08 20:15:20,824 - INFO - Manh cua vector rieng (9 hang dau):
[[-1.17200617e-02 -3.94856700e-05 -5.26055242e-03]
 [-1.28269411e-02 -3.42609504e-05 -5.71078118e-03]
 [-1.39559158e-02 -3.69936566e-05 -6.13693066e-03]
 [-1.50973124e-02 -3.76817481e-05 -6.55729671e-03]
 [-1.62410474e-02 -2.95547266e-05 -6.98243600e-03]
 [-1.73771790e-02 -2.86501476e-05 -7.36944550e-03]
 [-1.84950734e-02 -1.95877030e-05 -7.74953851e-03]
 [-1.95846429e-02 -1.25126465e-05 -8.09437360e-03]
 [-2.06358211e-02 -6.50887217e-06 -8.40207087e-03]]
2025-02-08 20:15:20,830 - INFO - Nhan gan cho 27 pixel dau tien: [2 2 2 2 2 2 2 2 2 2 2 2 2 2 2 2 2 2 2 2 2 2 2 2 2 2 2]
2025-02-08 20:15:23,743 - INFO - Thoi gian: 19.858712196350098 giay
2025-02-08 20:15:23,745 - INFO - Kich thuoc anh: 59x60x3
2025-02-08 20:15:23,745 - INFO - Kich thuoc dac trung mau: (3540, 3), Kich thuoc toa do: (3540, 2)
2025-02-08 20:15:23,745 - INFO - Dac trung mau:
[[1. 1. 1.]
 [1. 1. 1.]
 [1. 1. 1.]
 [1. 1. 1.]
 [1. 1. 1.]
 [1. 1. 1.]
 [1. 1. 1.]
 [1. 1. 1.]
 [1. 1. 1.]]
2025-02-08 20:15:23,745 - INFO - Toa do:
[[0 0]
 [1 0]
 [2 0]
 [3 0]
 [4 0]
 [5 0]
 [6 0]
 [7 0]
 [8 0]]
2025-02-08 20:15:24,395 - INFO - Kich thuoc ma tran trong so (W): (3540, 3540)
2025-02-08 20:15:24,395 - INFO - Kich thuoc ma tran thua (W_sparse): (3540, 3540)
2025-02-08 20:15:24,395 - INFO - So luong phan tu khac 0: 12531600
2025-02-08 20:15:24,396 - INFO - Mau cua W_features (9x9 phan tu dau):
[[1. 1. 1. 1. 1. 1. 1. 1. 1.]
 [1. 1. 1. 1. 1. 1. 1. 1. 1.]
 [1. 1. 1. 1. 1. 1. 1. 1. 1.]
 [1. 1. 1. 1. 1. 1. 1. 1. 1.]
 [1. 1. 1. 1. 1. 1. 1. 1. 1.]
 [1. 1. 1. 1. 1. 1. 1. 1. 1.]
 [1. 1. 1. 1. 1. 1. 1. 1. 1.]
 [1. 1. 1. 1. 1. 1. 1. 1. 1.]
 [1. 1. 1. 1. 1. 1. 1. 1. 1.]]
2025-02-08 20:15:24,396 - INFO - Mau cua W_coords (9x9 phan tu dau):
[[1.         0.99501248 0.98019867 0.95599748 0.92311635 0.8824969
  0.83527021 0.78270454 0.72614904]
 [0.99501248 1.         0.99501248 0.98019867 0.95599748 0.92311635
  0.8824969  0.83527021 0.78270454]
 [0.98019867 0.99501248 1.         0.99501248 0.98019867 0.95599748
  0.92311635 0.8824969  0.83527021]
 [0.95599748 0.98019867 0.99501248 1.         0.99501248 0.98019867
  0.95599748 0.92311635 0.8824969 ]
 [0.92311635 0.95599748 0.98019867 0.99501248 1.         0.99501248
  0.98019867 0.95599748 0.92311635]
 [0.8824969  0.92311635 0.95599748 0.98019867 0.99501248 1.
  0.99501248 0.98019867 0.95599748]
 [0.83527021 0.8824969  0.92311635 0.95599748 0.98019867 0.99501248
  1.         0.99501248 0.98019867]
 [0.78270454 0.83527021 0.8824969  0.92311635 0.95599748 0.98019867
  0.99501248 1.         0.99501248]
 [0.72614904 0.78270454 0.83527021 0.8824969  0.92311635 0.95599748
  0.98019867 0.99501248 1.        ]]
2025-02-08 20:15:24,397 - INFO - Mau cua W (9x9 phan tu dau):
[[1.         0.99501248 0.98019867 0.95599748 0.92311635 0.8824969
  0.83527021 0.78270454 0.72614904]
 [0.99501248 1.         0.99501248 0.98019867 0.95599748 0.92311635
  0.8824969  0.83527021 0.78270454]
 [0.98019867 0.99501248 1.         0.99501248 0.98019867 0.95599748
  0.92311635 0.8824969  0.83527021]
 [0.95599748 0.98019867 0.99501248 1.         0.99501248 0.98019867
  0.95599748 0.92311635 0.8824969 ]
 [0.92311635 0.95599748 0.98019867 0.99501248 1.         0.99501248
  0.98019867 0.95599748 0.92311635]
 [0.8824969  0.92311635 0.95599748 0.98019867 0.99501248 1.
  0.99501248 0.98019867 0.95599748]
 [0.83527021 0.8824969  0.92311635 0.95599748 0.98019867 0.99501248
  1.         0.99501248 0.98019867]
 [0.78270454 0.83527021 0.8824969  0.92311635 0.95599748 0.98019867
  0.99501248 1.         0.99501248]
 [0.72614904 0.78270454 0.83527021 0.8824969  0.92311635 0.95599748
  0.98019867 0.99501248 1.        ]]
2025-02-08 20:15:42,507 - INFO - Manh cua vector rieng (9 hang dau):
[[-1.17201009e-02 -5.25669169e-05  5.20124488e-03]
 [-1.28271662e-02 -5.79820341e-05  5.62433418e-03]
 [-1.39560262e-02 -5.53805287e-05  6.06219954e-03]
 [-1.50975633e-02 -6.38542291e-05  6.46211466e-03]
 [-1.62412945e-02 -5.64646641e-05  6.88554451e-03]
 [-1.73775193e-02 -6.07487119e-05  7.25914465e-03]
 [-1.84953890e-02 -5.11946066e-05  7.64108680e-03]
 [-1.95850278e-02 -4.81302121e-05  7.97665342e-03]
 [-2.06363006e-02 -4.71916909e-05  8.27261647e-03]]
2025-02-08 20:15:42,513 - INFO - Nhan gan cho 27 pixel dau tien: [2 2 2 2 2 2 2 2 2 2 2 2 2 2 2 2 2 2 2 2 2 2 2 2 2 2 2]
2025-02-08 20:15:45,742 - INFO - Thoi gian: 21.997742176055908 giay
2025-02-08 20:15:45,745 - INFO - Kich thuoc anh: 59x60x3
2025-02-08 20:15:45,745 - INFO - Kich thuoc dac trung mau: (3540, 3), Kich thuoc toa do: (3540, 2)
2025-02-08 20:15:45,746 - INFO - Dac trung mau:
[[1. 1. 1.]
 [1. 1. 1.]
 [1. 1. 1.]
 [1. 1. 1.]
 [1. 1. 1.]
 [1. 1. 1.]
 [1. 1. 1.]
 [1. 1. 1.]
 [1. 1. 1.]]
2025-02-08 20:15:45,747 - INFO - Toa do:
[[0 0]
 [1 0]
 [2 0]
 [3 0]
 [4 0]
 [5 0]
 [6 0]
 [7 0]
 [8 0]]
2025-02-08 20:15:46,450 - INFO - Kich thuoc ma tran trong so (W): (3540, 3540)
2025-02-08 20:15:46,450 - INFO - Kich thuoc ma tran thua (W_sparse): (3540, 3540)
2025-02-08 20:15:46,450 - INFO - So luong phan tu khac 0: 12531600
2025-02-08 20:15:46,452 - INFO - Mau cua W_features (9x9 phan tu dau):
[[1. 1. 1. 1. 1. 1. 1. 1. 1.]
 [1. 1. 1. 1. 1. 1. 1. 1. 1.]
 [1. 1. 1. 1. 1. 1. 1. 1. 1.]
 [1. 1. 1. 1. 1. 1. 1. 1. 1.]
 [1. 1. 1. 1. 1. 1. 1. 1. 1.]
 [1. 1. 1. 1. 1. 1. 1. 1. 1.]
 [1. 1. 1. 1. 1. 1. 1. 1. 1.]
 [1. 1. 1. 1. 1. 1. 1. 1. 1.]
 [1. 1. 1. 1. 1. 1. 1. 1. 1.]]
2025-02-08 20:15:46,453 - INFO - Mau cua W_coords (9x9 phan tu dau):
[[1.         0.99501248 0.98019867 0.95599748 0.92311635 0.8824969
  0.83527021 0.78270454 0.72614904]
 [0.99501248 1.         0.99501248 0.98019867 0.95599748 0.92311635
  0.8824969  0.83527021 0.78270454]
 [0.98019867 0.99501248 1.         0.99501248 0.98019867 0.95599748
  0.92311635 0.8824969  0.83527021]
 [0.95599748 0.98019867 0.99501248 1.         0.99501248 0.98019867
  0.95599748 0.92311635 0.8824969 ]
 [0.92311635 0.95599748 0.98019867 0.99501248 1.         0.99501248
  0.98019867 0.95599748 0.92311635]
 [0.8824969  0.92311635 0.95599748 0.98019867 0.99501248 1.
  0.99501248 0.98019867 0.95599748]
 [0.83527021 0.8824969  0.92311635 0.95599748 0.98019867 0.99501248
  1.         0.99501248 0.98019867]
 [0.78270454 0.83527021 0.8824969  0.92311635 0.95599748 0.98019867
  0.99501248 1.         0.99501248]
 [0.72614904 0.78270454 0.83527021 0.8824969  0.92311635 0.95599748
  0.98019867 0.99501248 1.        ]]
2025-02-08 20:15:46,455 - INFO - Mau cua W (9x9 phan tu dau):
[[1.         0.99501248 0.98019867 0.95599748 0.92311635 0.8824969
  0.83527021 0.78270454 0.72614904]
 [0.99501248 1.         0.99501248 0.98019867 0.95599748 0.92311635
  0.8824969  0.83527021 0.78270454]
 [0.98019867 0.99501248 1.         0.99501248 0.98019867 0.95599748
  0.92311635 0.8824969  0.83527021]
 [0.95599748 0.98019867 0.99501248 1.         0.99501248 0.98019867
  0.95599748 0.92311635 0.8824969 ]
 [0.92311635 0.95599748 0.98019867 0.99501248 1.         0.99501248
  0.98019867 0.95599748 0.92311635]
 [0.8824969  0.92311635 0.95599748 0.98019867 0.99501248 1.
  0.99501248 0.98019867 0.95599748]
 [0.83527021 0.8824969  0.92311635 0.95599748 0.98019867 0.99501248
  1.         0.99501248 0.98019867]
 [0.78270454 0.83527021 0.8824969  0.92311635 0.95599748 0.98019867
  0.99501248 1.         0.99501248]
 [0.72614904 0.78270454 0.83527021 0.8824969  0.92311635 0.95599748
  0.98019867 0.99501248 1.        ]]
2025-02-08 20:16:05,195 - INFO - Manh cua vector rieng (9 hang dau):
[[-1.17200001e-02  2.84050602e-05 -5.27926895e-03]
 [-1.28270085e-02  3.00554727e-05 -5.71215783e-03]
 [-1.39559556e-02  3.11537958e-05 -6.14116862e-03]
 [-1.50973839e-02  3.41399701e-05 -6.55393301e-03]
 [-1.62413033e-02  3.65351321e-05 -6.95220304e-03]
 [-1.73774445e-02  3.63427145e-05 -7.33646177e-03]
 [-1.84955091e-02  3.70569443e-05 -7.69179751e-03]
 [-1.95851971e-02  3.70938061e-05 -8.01818914e-03]
 [-2.06364544e-02  3.61553090e-05 -8.31242629e-03]]
2025-02-08 20:16:05,200 - INFO - Nhan gan cho 27 pixel dau tien: [2 2 2 2 2 2 2 2 2 2 2 2 2 2 2 2 2 2 2 2 2 2 2 2 2 2 2]
2025-02-08 20:16:06,583 - INFO - Thoi gian: 20.83803415298462 giay
2025-02-08 20:16:06,586 - INFO - Kich thuoc anh: 59x60x3
2025-02-08 20:16:06,586 - INFO - Kich thuoc dac trung mau: (3540, 3), Kich thuoc toa do: (3540, 2)
2025-02-08 20:16:06,586 - INFO - Dac trung mau:
[[1. 1. 1.]
 [1. 1. 1.]
 [1. 1. 1.]
 [1. 1. 1.]
 [1. 1. 1.]
 [1. 1. 1.]
 [1. 1. 1.]
 [1. 1. 1.]
 [1. 1. 1.]]
2025-02-08 20:16:06,587 - INFO - Toa do:
[[0 0]
 [1 0]
 [2 0]
 [3 0]
 [4 0]
 [5 0]
 [6 0]
 [7 0]
 [8 0]]
2025-02-08 20:16:07,060 - INFO - Kich thuoc ma tran trong so (W): (3540, 3540)
2025-02-08 20:16:07,060 - INFO - Kich thuoc ma tran thua (W_sparse): (3540, 3540)
2025-02-08 20:16:07,060 - INFO - So luong phan tu khac 0: 12531600
2025-02-08 20:16:07,061 - INFO - Mau cua W_features (9x9 phan tu dau):
[[1. 1. 1. 1. 1. 1. 1. 1. 1.]
 [1. 1. 1. 1. 1. 1. 1. 1. 1.]
 [1. 1. 1. 1. 1. 1. 1. 1. 1.]
 [1. 1. 1. 1. 1. 1. 1. 1. 1.]
 [1. 1. 1. 1. 1. 1. 1. 1. 1.]
 [1. 1. 1. 1. 1. 1. 1. 1. 1.]
 [1. 1. 1. 1. 1. 1. 1. 1. 1.]
 [1. 1. 1. 1. 1. 1. 1. 1. 1.]
 [1. 1. 1. 1. 1. 1. 1. 1. 1.]]
2025-02-08 20:16:07,061 - INFO - Mau cua W_coords (9x9 phan tu dau):
[[1.         0.99501248 0.98019867 0.95599748 0.92311635 0.8824969
  0.83527021 0.78270454 0.72614904]
 [0.99501248 1.         0.99501248 0.98019867 0.95599748 0.92311635
  0.8824969  0.83527021 0.78270454]
 [0.98019867 0.99501248 1.         0.99501248 0.98019867 0.95599748
  0.92311635 0.8824969  0.83527021]
 [0.95599748 0.98019867 0.99501248 1.         0.99501248 0.98019867
  0.95599748 0.92311635 0.8824969 ]
 [0.92311635 0.95599748 0.98019867 0.99501248 1.         0.99501248
  0.98019867 0.95599748 0.92311635]
 [0.8824969  0.92311635 0.95599748 0.98019867 0.99501248 1.
  0.99501248 0.98019867 0.95599748]
 [0.83527021 0.8824969  0.92311635 0.95599748 0.98019867 0.99501248
  1.         0.99501248 0.98019867]
 [0.78270454 0.83527021 0.8824969  0.92311635 0.95599748 0.98019867
  0.99501248 1.         0.99501248]
 [0.72614904 0.78270454 0.83527021 0.8824969  0.92311635 0.95599748
  0.98019867 0.99501248 1.        ]]
2025-02-08 20:16:07,062 - INFO - Mau cua W (9x9 phan tu dau):
[[1.         0.99501248 0.98019867 0.95599748 0.92311635 0.8824969
  0.83527021 0.78270454 0.72614904]
 [0.99501248 1.         0.99501248 0.98019867 0.95599748 0.92311635
  0.8824969  0.83527021 0.78270454]
 [0.98019867 0.99501248 1.         0.99501248 0.98019867 0.95599748
  0.92311635 0.8824969  0.83527021]
 [0.95599748 0.98019867 0.99501248 1.         0.99501248 0.98019867
  0.95599748 0.92311635 0.8824969 ]
 [0.92311635 0.95599748 0.98019867 0.99501248 1.         0.99501248
  0.98019867 0.95599748 0.92311635]
 [0.8824969  0.92311635 0.95599748 0.98019867 0.99501248 1.
  0.99501248 0.98019867 0.95599748]
 [0.83527021 0.8824969  0.92311635 0.95599748 0.98019867 0.99501248
  1.         0.99501248 0.98019867]
 [0.78270454 0.83527021 0.8824969  0.92311635 0.95599748 0.98019867
  0.99501248 1.         0.99501248]
 [0.72614904 0.78270454 0.83527021 0.8824969  0.92311635 0.95599748
  0.98019867 0.99501248 1.        ]]
2025-02-08 20:16:25,456 - INFO - Manh cua vector rieng (9 hang dau):
[[-1.17198384e-02 -1.07874248e-05  5.34105611e-03]
 [-1.28268330e-02 -1.10749221e-05  5.77854571e-03]
 [-1.39557811e-02 -1.19607478e-05  6.20875204e-03]
 [-1.50971730e-02 -1.19957841e-05  6.63051473e-03]
 [-1.62410842e-02 -1.36108079e-05  7.03137454e-03]
 [-1.73772371e-02 -1.41266296e-05  7.41391939e-03]
 [-1.84952921e-02 -1.40480751e-05  7.77172797e-03]
 [-1.95849757e-02 -1.37313222e-05  8.09921074e-03]
 [-2.06362063e-02 -1.08669712e-05  8.39898880e-03]]
2025-02-08 20:16:25,462 - INFO - Nhan gan cho 27 pixel dau tien: [2 2 2 2 2 2 2 2 2 2 2 2 2 2 2 2 2 2 2 2 2 2 2 2 2 2 2]
2025-02-08 20:16:26,777 - INFO - Thoi gian: 20.19138789176941 giay
