2025-02-16 00:13:23,373 - INFO - file name: resized_image_50x50.png
2025-02-16 00:13:23,373 - INFO - Lan thu: 0
2025-02-16 00:13:23,388 - INFO - Kich thuoc anh: 50x50x3
2025-02-16 00:13:23,388 - INFO - Kich thuoc dac trung mau: (2500, 3), Kich thuoc toa do: (2500, 2)
2025-02-16 00:13:23,388 - INFO - Dac trung mau:
[[1. 1. 1.]
 [1. 1. 1.]
 [1. 1. 1.]
 [1. 1. 1.]
 [1. 1. 1.]
 [1. 1. 1.]
 [1. 1. 1.]
 [1. 1. 1.]
 [1. 1. 1.]]
2025-02-16 00:13:23,389 - INFO - Toa do:
[[0 0]
 [1 0]
 [2 0]
 [3 0]
 [4 0]
 [5 0]
 [6 0]
 [7 0]
 [8 0]]
2025-02-16 00:13:23,568 - INFO - Kich thuoc ma tran trong so (W): (2500, 2500)
2025-02-16 00:13:23,569 - INFO - Kich thuoc ma tran dac trung mau: (2500, 2500), Kich thuoc ma tran toa do: (2500, 2500)
2025-02-16 00:13:23,570 - INFO - Mau cua W_features (9x9 phan tu dau):
[[1. 1. 1. 1. 1. 1. 1. 1. 1.]
 [1. 1. 1. 1. 1. 1. 1. 1. 1.]
 [1. 1. 1. 1. 1. 1. 1. 1. 1.]
 [1. 1. 1. 1. 1. 1. 1. 1. 1.]
 [1. 1. 1. 1. 1. 1. 1. 1. 1.]
 [1. 1. 1. 1. 1. 1. 1. 1. 1.]
 [1. 1. 1. 1. 1. 1. 1. 1. 1.]
 [1. 1. 1. 1. 1. 1. 1. 1. 1.]
 [1. 1. 1. 1. 1. 1. 1. 1. 1.]]
2025-02-16 00:13:23,571 - INFO - Mau cua W_coords (9x9 phan tu dau):
[[1.         0.99501248 0.98019867 0.95599748 0.92311635 0.8824969
  0.83527021 0.78270454 0.72614904]
 [0.99501248 1.         0.99501248 0.98019867 0.95599748 0.92311635
  0.8824969  0.83527021 0.78270454]
 [0.98019867 0.99501248 1.         0.99501248 0.98019867 0.95599748
  0.92311635 0.8824969  0.83527021]
 [0.95599748 0.98019867 0.99501248 1.         0.99501248 0.98019867
  0.95599748 0.92311635 0.8824969 ]
 [0.92311635 0.95599748 0.98019867 0.99501248 1.         0.99501248
  0.98019867 0.95599748 0.92311635]
 [0.8824969  0.92311635 0.95599748 0.98019867 0.99501248 1.
  0.99501248 0.98019867 0.95599748]
 [0.83527021 0.8824969  0.92311635 0.95599748 0.98019867 0.99501248
  1.         0.99501248 0.98019867]
 [0.78270454 0.83527021 0.8824969  0.92311635 0.95599748 0.98019867
  0.99501248 1.         0.99501248]
 [0.72614904 0.78270454 0.83527021 0.8824969  0.92311635 0.95599748
  0.98019867 0.99501248 1.        ]]
2025-02-16 00:13:23,571 - INFO - Mau cua W (9x9 phan tu dau):
[[1.         0.99501248 0.98019867 0.95599748 0.92311635 0.8824969
  0.83527021 0.78270454 0.72614904]
 [0.99501248 1.         0.99501248 0.98019867 0.95599748 0.92311635
  0.8824969  0.83527021 0.78270454]
 [0.98019867 0.99501248 1.         0.99501248 0.98019867 0.95599748
  0.92311635 0.8824969  0.83527021]
 [0.95599748 0.98019867 0.99501248 1.         0.99501248 0.98019867
  0.95599748 0.92311635 0.8824969 ]
 [0.92311635 0.95599748 0.98019867 0.99501248 1.         0.99501248
  0.98019867 0.95599748 0.92311635]
 [0.8824969  0.92311635 0.95599748 0.98019867 0.99501248 1.
  0.99501248 0.98019867 0.95599748]
 [0.83527021 0.8824969  0.92311635 0.95599748 0.98019867 0.99501248
  1.         0.99501248 0.98019867]
 [0.78270454 0.83527021 0.8824969  0.92311635 0.95599748 0.98019867
  0.99501248 1.         0.99501248]
 [0.72614904 0.78270454 0.83527021 0.8824969  0.92311635 0.95599748
  0.98019867 0.99501248 1.        ]]
2025-02-16 00:13:23,699 - INFO - Kich thuoc ma tran thua (COO): (2500, 2500)
2025-02-16 00:13:23,700 - INFO - Mau cua ma tran thua (COO) [du lieu, hang, cot]:
[1.         0.99501248 0.98019867 0.95599748 0.92311635 0.8824969
 0.83527021 0.78270454 0.72614904], [0 0 0 0 0 0 0 0 0], [0 1 2 3 4 5 6 7 8]
2025-02-16 00:13:23,766 - INFO - Kich thuoc ma tran duong cheo (D): (2500, 2500)
2025-02-16 00:13:23,766 - INFO - Mau cua D (9 phan tu dau):
[157.52426934 168.50996396 179.08314809 189.11310997 198.48030178
 207.07969763 214.82357598 221.64363085 227.4923585 ]
2025-02-16 00:13:23,767 - INFO - Kich thuoc ma tran Laplace (L): (2500, 2500)
2025-02-16 00:13:23,767 - INFO - Mau cua L (9x9 phan tu dau):
[[156.52426934  -0.99501248  -0.98019867  -0.95599748  -0.92311635
   -0.8824969   -0.83527021  -0.78270454  -0.72614904]
 [ -0.99501248 167.50996396  -0.99501248  -0.98019867  -0.95599748
   -0.92311635  -0.8824969   -0.83527021  -0.78270454]
 [ -0.98019867  -0.99501248 178.08314809  -0.99501248  -0.98019867
   -0.95599748  -0.92311635  -0.8824969   -0.83527021]
 [ -0.95599748  -0.98019867  -0.99501248 188.11310997  -0.99501248
   -0.98019867  -0.95599748  -0.92311635  -0.8824969 ]
 [ -0.92311635  -0.95599748  -0.98019867  -0.99501248 197.48030178
   -0.99501248  -0.98019867  -0.95599748  -0.92311635]
 [ -0.8824969   -0.92311635  -0.95599748  -0.98019867  -0.99501248
  206.07969763  -0.99501248  -0.98019867  -0.95599748]
 [ -0.83527021  -0.8824969   -0.92311635  -0.95599748  -0.98019867
   -0.99501248 213.82357598  -0.99501248  -0.98019867]
 [ -0.78270454  -0.83527021  -0.8824969   -0.92311635  -0.95599748
   -0.98019867  -0.99501248 220.64363085  -0.99501248]
 [ -0.72614904  -0.78270454  -0.83527021  -0.8824969   -0.92311635
   -0.95599748  -0.98019867  -0.99501248 226.4923585 ]]
2025-02-16 00:13:23,822 - INFO - Thoi gian nhan ma tran - vector (song song): 0.002434 giay
2025-02-16 00:13:23,822 - INFO - Thoi gian tinh tich vo huong (song song): 0.000060 giay
2025-02-16 00:13:24,039 - INFO - Thoi gian: 0.6657910346984863 giay
2025-02-16 00:13:24,039 - INFO - Thoi gian ma tran W: 0.31611013412475586 giay
2025-02-16 00:13:24,050 - INFO - file name: resized_image_55x55.png
2025-02-16 00:13:24,050 - INFO - Lan thu: 0
2025-02-16 00:13:24,052 - INFO - Kich thuoc anh: 55x55x3
2025-02-16 00:13:24,052 - INFO - Kich thuoc dac trung mau: (3025, 3), Kich thuoc toa do: (3025, 2)
2025-02-16 00:13:24,052 - INFO - Dac trung mau:
[[1. 1. 1.]
 [1. 1. 1.]
 [1. 1. 1.]
 [1. 1. 1.]
 [1. 1. 1.]
 [1. 1. 1.]
 [1. 1. 1.]
 [1. 1. 1.]
 [1. 1. 1.]]
2025-02-16 00:13:24,052 - INFO - Toa do:
[[0 0]
 [1 0]
 [2 0]
 [3 0]
 [4 0]
 [5 0]
 [6 0]
 [7 0]
 [8 0]]
2025-02-16 00:13:24,330 - INFO - Kich thuoc ma tran trong so (W): (3025, 3025)
2025-02-16 00:13:24,330 - INFO - Kich thuoc ma tran dac trung mau: (3025, 3025), Kich thuoc ma tran toa do: (3025, 3025)
2025-02-16 00:13:24,330 - INFO - Mau cua W_features (9x9 phan tu dau):
[[1. 1. 1. 1. 1. 1. 1. 1. 1.]
 [1. 1. 1. 1. 1. 1. 1. 1. 1.]
 [1. 1. 1. 1. 1. 1. 1. 1. 1.]
 [1. 1. 1. 1. 1. 1. 1. 1. 1.]
 [1. 1. 1. 1. 1. 1. 1. 1. 1.]
 [1. 1. 1. 1. 1. 1. 1. 1. 1.]
 [1. 1. 1. 1. 1. 1. 1. 1. 1.]
 [1. 1. 1. 1. 1. 1. 1. 1. 1.]
 [1. 1. 1. 1. 1. 1. 1. 1. 1.]]
2025-02-16 00:13:24,331 - INFO - Mau cua W_coords (9x9 phan tu dau):
[[1.         0.99501248 0.98019867 0.95599748 0.92311635 0.8824969
  0.83527021 0.78270454 0.72614904]
 [0.99501248 1.         0.99501248 0.98019867 0.95599748 0.92311635
  0.8824969  0.83527021 0.78270454]
 [0.98019867 0.99501248 1.         0.99501248 0.98019867 0.95599748
  0.92311635 0.8824969  0.83527021]
 [0.95599748 0.98019867 0.99501248 1.         0.99501248 0.98019867
  0.95599748 0.92311635 0.8824969 ]
 [0.92311635 0.95599748 0.98019867 0.99501248 1.         0.99501248
  0.98019867 0.95599748 0.92311635]
 [0.8824969  0.92311635 0.95599748 0.98019867 0.99501248 1.
  0.99501248 0.98019867 0.95599748]
 [0.83527021 0.8824969  0.92311635 0.95599748 0.98019867 0.99501248
  1.         0.99501248 0.98019867]
 [0.78270454 0.83527021 0.8824969  0.92311635 0.95599748 0.98019867
  0.99501248 1.         0.99501248]
 [0.72614904 0.78270454 0.83527021 0.8824969  0.92311635 0.95599748
  0.98019867 0.99501248 1.        ]]
2025-02-16 00:13:24,331 - INFO - Mau cua W (9x9 phan tu dau):
[[1.         0.99501248 0.98019867 0.95599748 0.92311635 0.8824969
  0.83527021 0.78270454 0.72614904]
 [0.99501248 1.         0.99501248 0.98019867 0.95599748 0.92311635
  0.8824969  0.83527021 0.78270454]
 [0.98019867 0.99501248 1.         0.99501248 0.98019867 0.95599748
  0.92311635 0.8824969  0.83527021]
 [0.95599748 0.98019867 0.99501248 1.         0.99501248 0.98019867
  0.95599748 0.92311635 0.8824969 ]
 [0.92311635 0.95599748 0.98019867 0.99501248 1.         0.99501248
  0.98019867 0.95599748 0.92311635]
 [0.8824969  0.92311635 0.95599748 0.98019867 0.99501248 1.
  0.99501248 0.98019867 0.95599748]
 [0.83527021 0.8824969  0.92311635 0.95599748 0.98019867 0.99501248
  1.         0.99501248 0.98019867]
 [0.78270454 0.83527021 0.8824969  0.92311635 0.95599748 0.98019867
  0.99501248 1.         0.99501248]
 [0.72614904 0.78270454 0.83527021 0.8824969  0.92311635 0.95599748
  0.98019867 0.99501248 1.        ]]
2025-02-16 00:13:24,514 - INFO - Kich thuoc ma tran thua (COO): (3025, 3025)
2025-02-16 00:13:24,514 - INFO - Mau cua ma tran thua (COO) [du lieu, hang, cot]:
[1.         0.99501248 0.98019867 0.95599748 0.92311635 0.8824969
 0.83527021 0.78270454 0.72614904], [0 0 0 0 0 0 0 0 0], [0 1 2 3 4 5 6 7 8]
2025-02-16 00:13:24,613 - INFO - Kich thuoc ma tran duong cheo (D): (3025, 3025)
2025-02-16 00:13:24,613 - INFO - Mau cua D (9 phan tu dau):
[162.00953979 173.63918439 184.90983323 195.68865003 205.85265425
 215.29194834 223.91237818 231.63753678 238.41006485]
2025-02-16 00:13:24,613 - INFO - Kich thuoc ma tran Laplace (L): (3025, 3025)
2025-02-16 00:13:24,613 - INFO - Mau cua L (9x9 phan tu dau):
[[161.00953979  -0.99501248  -0.98019867  -0.95599748  -0.92311635
   -0.8824969   -0.83527021  -0.78270454  -0.72614904]
 [ -0.99501248 172.63918439  -0.99501248  -0.98019867  -0.95599748
   -0.92311635  -0.8824969   -0.83527021  -0.78270454]
 [ -0.98019867  -0.99501248 183.90983323  -0.99501248  -0.98019867
   -0.95599748  -0.92311635  -0.8824969   -0.83527021]
 [ -0.95599748  -0.98019867  -0.99501248 194.68865003  -0.99501248
   -0.98019867  -0.95599748  -0.92311635  -0.8824969 ]
 [ -0.92311635  -0.95599748  -0.98019867  -0.99501248 204.85265425
   -0.99501248  -0.98019867  -0.95599748  -0.92311635]
 [ -0.8824969   -0.92311635  -0.95599748  -0.98019867  -0.99501248
  214.29194834  -0.99501248  -0.98019867  -0.95599748]
 [ -0.83527021  -0.8824969   -0.92311635  -0.95599748  -0.98019867
   -0.99501248 222.91237818  -0.99501248  -0.98019867]
 [ -0.78270454  -0.83527021  -0.8824969   -0.92311635  -0.95599748
   -0.98019867  -0.99501248 230.63753678  -0.99501248]
 [ -0.72614904  -0.78270454  -0.83527021  -0.8824969   -0.92311635
   -0.95599748  -0.98019867  -0.99501248 237.41006485]]
2025-02-16 00:13:24,717 - INFO - Thoi gian nhan ma tran - vector (song song): 0.005690 giay
2025-02-16 00:13:24,718 - INFO - Thoi gian tinh tich vo huong (song song): 0.000197 giay
2025-02-16 00:13:24,769 - INFO - Thoi gian: 0.7197973728179932 giay
2025-02-16 00:13:24,770 - INFO - Thoi gian ma tran W: 0.4689970016479492 giay
2025-02-16 00:13:24,770 - INFO - file name: resized_image_60x60.png
2025-02-16 00:13:24,770 - INFO - Lan thu: 0
2025-02-16 00:13:24,773 - INFO - Kich thuoc anh: 60x60x3
2025-02-16 00:13:24,773 - INFO - Kich thuoc dac trung mau: (3600, 3), Kich thuoc toa do: (3600, 2)
2025-02-16 00:13:24,773 - INFO - Dac trung mau:
[[1. 1. 1.]
 [1. 1. 1.]
 [1. 1. 1.]
 [1. 1. 1.]
 [1. 1. 1.]
 [1. 1. 1.]
 [1. 1. 1.]
 [1. 1. 1.]
 [1. 1. 1.]]
2025-02-16 00:13:24,773 - INFO - Toa do:
[[0 0]
 [1 0]
 [2 0]
 [3 0]
 [4 0]
 [5 0]
 [6 0]
 [7 0]
 [8 0]]
2025-02-16 00:13:25,165 - INFO - Kich thuoc ma tran trong so (W): (3600, 3600)
2025-02-16 00:13:25,165 - INFO - Kich thuoc ma tran dac trung mau: (3600, 3600), Kich thuoc ma tran toa do: (3600, 3600)
2025-02-16 00:13:25,165 - INFO - Mau cua W_features (9x9 phan tu dau):
[[1. 1. 1. 1. 1. 1. 1. 1. 1.]
 [1. 1. 1. 1. 1. 1. 1. 1. 1.]
 [1. 1. 1. 1. 1. 1. 1. 1. 1.]
 [1. 1. 1. 1. 1. 1. 1. 1. 1.]
 [1. 1. 1. 1. 1. 1. 1. 1. 1.]
 [1. 1. 1. 1. 1. 1. 1. 1. 1.]
 [1. 1. 1. 1. 1. 1. 1. 1. 1.]
 [1. 1. 1. 1. 1. 1. 1. 1. 1.]
 [1. 1. 1. 1. 1. 1. 1. 1. 1.]]
2025-02-16 00:13:25,166 - INFO - Mau cua W_coords (9x9 phan tu dau):
[[1.         0.99501248 0.98019867 0.95599748 0.92311635 0.8824969
  0.83527021 0.78270454 0.72614904]
 [0.99501248 1.         0.99501248 0.98019867 0.95599748 0.92311635
  0.8824969  0.83527021 0.78270454]
 [0.98019867 0.99501248 1.         0.99501248 0.98019867 0.95599748
  0.92311635 0.8824969  0.83527021]
 [0.95599748 0.98019867 0.99501248 1.         0.99501248 0.98019867
  0.95599748 0.92311635 0.8824969 ]
 [0.92311635 0.95599748 0.98019867 0.99501248 1.         0.99501248
  0.98019867 0.95599748 0.92311635]
 [0.8824969  0.92311635 0.95599748 0.98019867 0.99501248 1.
  0.99501248 0.98019867 0.95599748]
 [0.83527021 0.8824969  0.92311635 0.95599748 0.98019867 0.99501248
  1.         0.99501248 0.98019867]
 [0.78270454 0.83527021 0.8824969  0.92311635 0.95599748 0.98019867
  0.99501248 1.         0.99501248]
 [0.72614904 0.78270454 0.83527021 0.8824969  0.92311635 0.95599748
  0.98019867 0.99501248 1.        ]]
2025-02-16 00:13:25,166 - INFO - Mau cua W (9x9 phan tu dau):
[[1.         0.99501248 0.98019867 0.95599748 0.92311635 0.8824969
  0.83527021 0.78270454 0.72614904]
 [0.99501248 1.         0.99501248 0.98019867 0.95599748 0.92311635
  0.8824969  0.83527021 0.78270454]
 [0.98019867 0.99501248 1.         0.99501248 0.98019867 0.95599748
  0.92311635 0.8824969  0.83527021]
 [0.95599748 0.98019867 0.99501248 1.         0.99501248 0.98019867
  0.95599748 0.92311635 0.8824969 ]
 [0.92311635 0.95599748 0.98019867 0.99501248 1.         0.99501248
  0.98019867 0.95599748 0.92311635]
 [0.8824969  0.92311635 0.95599748 0.98019867 0.99501248 1.
  0.99501248 0.98019867 0.95599748]
 [0.83527021 0.8824969  0.92311635 0.95599748 0.98019867 0.99501248
  1.         0.99501248 0.98019867]
 [0.78270454 0.83527021 0.8824969  0.92311635 0.95599748 0.98019867
  0.99501248 1.         0.99501248]
 [0.72614904 0.78270454 0.83527021 0.8824969  0.92311635 0.95599748
  0.98019867 0.99501248 1.        ]]
2025-02-16 00:13:25,431 - INFO - Kich thuoc ma tran thua (COO): (3600, 3600)
2025-02-16 00:13:25,431 - INFO - Mau cua ma tran thua (COO) [du lieu, hang, cot]:
[1.         0.99501248 0.98019867 0.95599748 0.92311635 0.8824969
 0.83527021 0.78270454 0.72614904], [0 0 0 0 0 0 0 0 0], [0 1 2 3 4 5 6 7 8]
2025-02-16 00:13:25,572 - INFO - Kich thuoc ma tran duong cheo (D): (3600, 3600)
2025-02-16 00:13:25,572 - INFO - Mau cua D (9 phan tu dau):
[165.1264778  177.25179481 189.07127635 200.45357968 211.27658208
 221.43049307 230.82038979 239.36808507 247.0132831 ]
2025-02-16 00:13:25,572 - INFO - Kich thuoc ma tran Laplace (L): (3600, 3600)
2025-02-16 00:13:25,572 - INFO - Mau cua L (9x9 phan tu dau):
[[164.1264778   -0.99501248  -0.98019867  -0.95599748  -0.92311635
   -0.8824969   -0.83527021  -0.78270454  -0.72614904]
 [ -0.99501248 176.25179481  -0.99501248  -0.98019867  -0.95599748
   -0.92311635  -0.8824969   -0.83527021  -0.78270454]
 [ -0.98019867  -0.99501248 188.07127635  -0.99501248  -0.98019867
   -0.95599748  -0.92311635  -0.8824969   -0.83527021]
 [ -0.95599748  -0.98019867  -0.99501248 199.45357968  -0.99501248
   -0.98019867  -0.95599748  -0.92311635  -0.8824969 ]
 [ -0.92311635  -0.95599748  -0.98019867  -0.99501248 210.27658208
   -0.99501248  -0.98019867  -0.95599748  -0.92311635]
 [ -0.8824969   -0.92311635  -0.95599748  -0.98019867  -0.99501248
  220.43049307  -0.99501248  -0.98019867  -0.95599748]
 [ -0.83527021  -0.8824969   -0.92311635  -0.95599748  -0.98019867
   -0.99501248 229.82038979  -0.99501248  -0.98019867]
 [ -0.78270454  -0.83527021  -0.8824969   -0.92311635  -0.95599748
   -0.98019867  -0.99501248 238.36808507  -0.99501248]
 [ -0.72614904  -0.78270454  -0.83527021  -0.8824969   -0.92311635
   -0.95599748  -0.98019867  -0.99501248 246.0132831 ]]
2025-02-16 00:13:25,696 - INFO - Thoi gian nhan ma tran - vector (song song): 0.006443 giay
2025-02-16 00:13:25,697 - INFO - Thoi gian tinh tich vo huong (song song): 0.000123 giay
2025-02-16 00:13:25,767 - INFO - Thoi gian: 0.997084379196167 giay
2025-02-16 00:13:25,767 - INFO - Thoi gian ma tran W: 0.6675848960876465 giay
2025-02-16 00:13:25,768 - INFO - file name: resized_image_65x65.png
2025-02-16 00:13:25,768 - INFO - Lan thu: 0
2025-02-16 00:13:25,770 - INFO - Kich thuoc anh: 65x65x3
2025-02-16 00:13:25,770 - INFO - Kich thuoc dac trung mau: (4225, 3), Kich thuoc toa do: (4225, 2)
2025-02-16 00:13:25,770 - INFO - Dac trung mau:
[[1. 1. 1.]
 [1. 1. 1.]
 [1. 1. 1.]
 [1. 1. 1.]
 [1. 1. 1.]
 [1. 1. 1.]
 [1. 1. 1.]
 [1. 1. 1.]
 [1. 1. 1.]]
2025-02-16 00:13:25,770 - INFO - Toa do:
[[0 0]
 [1 0]
 [2 0]
 [3 0]
 [4 0]
 [5 0]
 [6 0]
 [7 0]
 [8 0]]
2025-02-16 00:13:26,313 - INFO - Kich thuoc ma tran trong so (W): (4225, 4225)
2025-02-16 00:13:26,313 - INFO - Kich thuoc ma tran dac trung mau: (4225, 4225), Kich thuoc ma tran toa do: (4225, 4225)
2025-02-16 00:13:26,344 - INFO - Mau cua W_features (9x9 phan tu dau):
[[1. 1. 1. 1. 1. 1. 1. 1. 1.]
 [1. 1. 1. 1. 1. 1. 1. 1. 1.]
 [1. 1. 1. 1. 1. 1. 1. 1. 1.]
 [1. 1. 1. 1. 1. 1. 1. 1. 1.]
 [1. 1. 1. 1. 1. 1. 1. 1. 1.]
 [1. 1. 1. 1. 1. 1. 1. 1. 1.]
 [1. 1. 1. 1. 1. 1. 1. 1. 1.]
 [1. 1. 1. 1. 1. 1. 1. 1. 1.]
 [1. 1. 1. 1. 1. 1. 1. 1. 1.]]
2025-02-16 00:13:26,345 - INFO - Mau cua W_coords (9x9 phan tu dau):
[[1.         0.99501248 0.98019867 0.95599748 0.92311635 0.8824969
  0.83527021 0.78270454 0.72614904]
 [0.99501248 1.         0.99501248 0.98019867 0.95599748 0.92311635
  0.8824969  0.83527021 0.78270454]
 [0.98019867 0.99501248 1.         0.99501248 0.98019867 0.95599748
  0.92311635 0.8824969  0.83527021]
 [0.95599748 0.98019867 0.99501248 1.         0.99501248 0.98019867
  0.95599748 0.92311635 0.8824969 ]
 [0.92311635 0.95599748 0.98019867 0.99501248 1.         0.99501248
  0.98019867 0.95599748 0.92311635]
 [0.8824969  0.92311635 0.95599748 0.98019867 0.99501248 1.
  0.99501248 0.98019867 0.95599748]
 [0.83527021 0.8824969  0.92311635 0.95599748 0.98019867 0.99501248
  1.         0.99501248 0.98019867]
 [0.78270454 0.83527021 0.8824969  0.92311635 0.95599748 0.98019867
  0.99501248 1.         0.99501248]
 [0.72614904 0.78270454 0.83527021 0.8824969  0.92311635 0.95599748
  0.98019867 0.99501248 1.        ]]
2025-02-16 00:13:26,345 - INFO - Mau cua W (9x9 phan tu dau):
[[1.         0.99501248 0.98019867 0.95599748 0.92311635 0.8824969
  0.83527021 0.78270454 0.72614904]
 [0.99501248 1.         0.99501248 0.98019867 0.95599748 0.92311635
  0.8824969  0.83527021 0.78270454]
 [0.98019867 0.99501248 1.         0.99501248 0.98019867 0.95599748
  0.92311635 0.8824969  0.83527021]
 [0.95599748 0.98019867 0.99501248 1.         0.99501248 0.98019867
  0.95599748 0.92311635 0.8824969 ]
 [0.92311635 0.95599748 0.98019867 0.99501248 1.         0.99501248
  0.98019867 0.95599748 0.92311635]
 [0.8824969  0.92311635 0.95599748 0.98019867 0.99501248 1.
  0.99501248 0.98019867 0.95599748]
 [0.83527021 0.8824969  0.92311635 0.95599748 0.98019867 0.99501248
  1.         0.99501248 0.98019867]
 [0.78270454 0.83527021 0.8824969  0.92311635 0.95599748 0.98019867
  0.99501248 1.         0.99501248]
 [0.72614904 0.78270454 0.83527021 0.8824969  0.92311635 0.95599748
  0.98019867 0.99501248 1.        ]]
2025-02-16 00:13:26,724 - INFO - Kich thuoc ma tran thua (COO): (4225, 4225)
2025-02-16 00:13:26,725 - INFO - Mau cua ma tran thua (COO) [du lieu, hang, cot]:
[1.         0.99501248 0.98019867 0.95599748 0.92311635 0.8824969
 0.83527021 0.78270454 0.72614904], [0 0 0 0 0 0 0 0 0], [0 1 2 3 4 5 6 7 8]
2025-02-16 00:13:26,926 - INFO - Kich thuoc ma tran duong cheo (D): (4225, 4225)
2025-02-16 00:13:26,926 - INFO - Mau cua D (9 phan tu dau):
[166.92113603 179.33951427 191.48478532 203.22679813 214.44431521
 225.0280779  234.88329089 243.93143378 252.1113524 ]
2025-02-16 00:13:26,926 - INFO - Kich thuoc ma tran Laplace (L): (4225, 4225)
2025-02-16 00:13:26,926 - INFO - Mau cua L (9x9 phan tu dau):
[[165.92113603  -0.99501248  -0.98019867  -0.95599748  -0.92311635
   -0.8824969   -0.83527021  -0.78270454  -0.72614904]
 [ -0.99501248 178.33951427  -0.99501248  -0.98019867  -0.95599748
   -0.92311635  -0.8824969   -0.83527021  -0.78270454]
 [ -0.98019867  -0.99501248 190.48478532  -0.99501248  -0.98019867
   -0.95599748  -0.92311635  -0.8824969   -0.83527021]
 [ -0.95599748  -0.98019867  -0.99501248 202.22679813  -0.99501248
   -0.98019867  -0.95599748  -0.92311635  -0.8824969 ]
 [ -0.92311635  -0.95599748  -0.98019867  -0.99501248 213.44431521
   -0.99501248  -0.98019867  -0.95599748  -0.92311635]
 [ -0.8824969   -0.92311635  -0.95599748  -0.98019867  -0.99501248
  224.0280779   -0.99501248  -0.98019867  -0.95599748]
 [ -0.83527021  -0.8824969   -0.92311635  -0.95599748  -0.98019867
   -0.99501248 233.88329089  -0.99501248  -0.98019867]
 [ -0.78270454  -0.83527021  -0.8824969   -0.92311635  -0.95599748
   -0.98019867  -0.99501248 242.93143378  -0.99501248]
 [ -0.72614904  -0.78270454  -0.83527021  -0.8824969   -0.92311635
   -0.95599748  -0.98019867  -0.99501248 251.1113524 ]]
2025-02-16 00:13:27,101 - INFO - Thoi gian nhan ma tran - vector (song song): 0.007363 giay
2025-02-16 00:13:27,101 - INFO - Thoi gian tinh tich vo huong (song song): 0.000051 giay
2025-02-16 00:13:27,156 - INFO - Thoi gian: 1.3884375095367432 giay
2025-02-16 00:13:27,156 - INFO - Thoi gian ma tran W: 0.9678621292114258 giay
2025-02-16 00:13:27,181 - INFO - file name: resized_image_70x70.png
2025-02-16 00:13:27,181 - INFO - Lan thu: 0
2025-02-16 00:13:27,184 - INFO - Kich thuoc anh: 70x70x3
2025-02-16 00:13:27,184 - INFO - Kich thuoc dac trung mau: (4900, 3), Kich thuoc toa do: (4900, 2)
2025-02-16 00:13:27,184 - INFO - Dac trung mau:
[[1. 1. 1.]
 [1. 1. 1.]
 [1. 1. 1.]
 [1. 1. 1.]
 [1. 1. 1.]
 [1. 1. 1.]
 [1. 1. 1.]
 [1. 1. 1.]
 [1. 1. 1.]]
2025-02-16 00:13:27,184 - INFO - Toa do:
[[0 0]
 [1 0]
 [2 0]
 [3 0]
 [4 0]
 [5 0]
 [6 0]
 [7 0]
 [8 0]]
2025-02-16 00:13:27,946 - INFO - Kich thuoc ma tran trong so (W): (4900, 4900)
2025-02-16 00:13:27,946 - INFO - Kich thuoc ma tran dac trung mau: (4900, 4900), Kich thuoc ma tran toa do: (4900, 4900)
2025-02-16 00:13:27,947 - INFO - Mau cua W_features (9x9 phan tu dau):
[[1. 1. 1. 1. 1. 1. 1. 1. 1.]
 [1. 1. 1. 1. 1. 1. 1. 1. 1.]
 [1. 1. 1. 1. 1. 1. 1. 1. 1.]
 [1. 1. 1. 1. 1. 1. 1. 1. 1.]
 [1. 1. 1. 1. 1. 1. 1. 1. 1.]
 [1. 1. 1. 1. 1. 1. 1. 1. 1.]
 [1. 1. 1. 1. 1. 1. 1. 1. 1.]
 [1. 1. 1. 1. 1. 1. 1. 1. 1.]
 [1. 1. 1. 1. 1. 1. 1. 1. 1.]]
2025-02-16 00:13:27,947 - INFO - Mau cua W_coords (9x9 phan tu dau):
[[1.         0.99501248 0.98019867 0.95599748 0.92311635 0.8824969
  0.83527021 0.78270454 0.72614904]
 [0.99501248 1.         0.99501248 0.98019867 0.95599748 0.92311635
  0.8824969  0.83527021 0.78270454]
 [0.98019867 0.99501248 1.         0.99501248 0.98019867 0.95599748
  0.92311635 0.8824969  0.83527021]
 [0.95599748 0.98019867 0.99501248 1.         0.99501248 0.98019867
  0.95599748 0.92311635 0.8824969 ]
 [0.92311635 0.95599748 0.98019867 0.99501248 1.         0.99501248
  0.98019867 0.95599748 0.92311635]
 [0.8824969  0.92311635 0.95599748 0.98019867 0.99501248 1.
  0.99501248 0.98019867 0.95599748]
 [0.83527021 0.8824969  0.92311635 0.95599748 0.98019867 0.99501248
  1.         0.99501248 0.98019867]
 [0.78270454 0.83527021 0.8824969  0.92311635 0.95599748 0.98019867
  0.99501248 1.         0.99501248]
 [0.72614904 0.78270454 0.83527021 0.8824969  0.92311635 0.95599748
  0.98019867 0.99501248 1.        ]]
2025-02-16 00:13:27,948 - INFO - Mau cua W (9x9 phan tu dau):
[[1.         0.99501248 0.98019867 0.95599748 0.92311635 0.8824969
  0.83527021 0.78270454 0.72614904]
 [0.99501248 1.         0.99501248 0.98019867 0.95599748 0.92311635
  0.8824969  0.83527021 0.78270454]
 [0.98019867 0.99501248 1.         0.99501248 0.98019867 0.95599748
  0.92311635 0.8824969  0.83527021]
 [0.95599748 0.98019867 0.99501248 1.         0.99501248 0.98019867
  0.95599748 0.92311635 0.8824969 ]
 [0.92311635 0.95599748 0.98019867 0.99501248 1.         0.99501248
  0.98019867 0.95599748 0.92311635]
 [0.8824969  0.92311635 0.95599748 0.98019867 0.99501248 1.
  0.99501248 0.98019867 0.95599748]
 [0.83527021 0.8824969  0.92311635 0.95599748 0.98019867 0.99501248
  1.         0.99501248 0.98019867]
 [0.78270454 0.83527021 0.8824969  0.92311635 0.95599748 0.98019867
  0.99501248 1.         0.99501248]
 [0.72614904 0.78270454 0.83527021 0.8824969  0.92311635 0.95599748
  0.98019867 0.99501248 1.        ]]
2025-02-16 00:13:28,423 - INFO - Kich thuoc ma tran thua (COO): (4900, 4900)
2025-02-16 00:13:28,423 - INFO - Mau cua ma tran thua (COO) [du lieu, hang, cot]:
[1.         0.99501248 0.98019867 0.95599748 0.92311635 0.8824969
 0.83527021 0.78270454 0.72614904], [0 0 0 0 0 0 0 0 0], [0 1 2 3 4 5 6 7 8]
2025-02-16 00:13:28,677 - INFO - Kich thuoc ma tran duong cheo (D): (4900, 4900)
2025-02-16 00:13:28,678 - INFO - Mau cua D (9 phan tu dau):
[168.19973952 180.84359727 193.24368895 205.2719153  216.80899291
 227.74748383 237.99424073 247.47217381 256.12129099]
2025-02-16 00:13:28,678 - INFO - Kich thuoc ma tran Laplace (L): (4900, 4900)
2025-02-16 00:13:28,678 - INFO - Mau cua L (9x9 phan tu dau):
[[167.19973952  -0.99501248  -0.98019867  -0.95599748  -0.92311635
   -0.8824969   -0.83527021  -0.78270454  -0.72614904]
 [ -0.99501248 179.84359727  -0.99501248  -0.98019867  -0.95599748
   -0.92311635  -0.8824969   -0.83527021  -0.78270454]
 [ -0.98019867  -0.99501248 192.24368895  -0.99501248  -0.98019867
   -0.95599748  -0.92311635  -0.8824969   -0.83527021]
 [ -0.95599748  -0.98019867  -0.99501248 204.2719153   -0.99501248
   -0.98019867  -0.95599748  -0.92311635  -0.8824969 ]
 [ -0.92311635  -0.95599748  -0.98019867  -0.99501248 215.80899291
   -0.99501248  -0.98019867  -0.95599748  -0.92311635]
 [ -0.8824969   -0.92311635  -0.95599748  -0.98019867  -0.99501248
  226.74748383  -0.99501248  -0.98019867  -0.95599748]
 [ -0.83527021  -0.8824969   -0.92311635  -0.95599748  -0.98019867
   -0.99501248 236.99424073  -0.99501248  -0.98019867]
 [ -0.78270454  -0.83527021  -0.8824969   -0.92311635  -0.95599748
   -0.98019867  -0.99501248 246.47217381  -0.99501248]
 [ -0.72614904  -0.78270454  -0.83527021  -0.8824969   -0.92311635
   -0.95599748  -0.98019867  -0.99501248 255.12129099]]
2025-02-16 00:13:28,950 - INFO - Thoi gian nhan ma tran - vector (song song): 0.010976 giay
2025-02-16 00:13:28,951 - INFO - Thoi gian tinh tich vo huong (song song): 0.000052 giay
2025-02-16 00:13:29,038 - INFO - Thoi gian: 1.856489896774292 giay
2025-02-16 00:13:29,038 - INFO - Thoi gian ma tran W: 1.2562084197998047 giay
2025-02-16 00:13:29,038 - INFO - file name: resized_image_75x75.png
2025-02-16 00:13:29,038 - INFO - Lan thu: 0
2025-02-16 00:13:29,040 - INFO - Kich thuoc anh: 75x75x3
2025-02-16 00:13:29,040 - INFO - Kich thuoc dac trung mau: (5625, 3), Kich thuoc toa do: (5625, 2)
2025-02-16 00:13:29,040 - INFO - Dac trung mau:
[[1. 1. 1.]
 [1. 1. 1.]
 [1. 1. 1.]
 [1. 1. 1.]
 [1. 1. 1.]
 [1. 1. 1.]
 [1. 1. 1.]
 [1. 1. 1.]
 [1. 1. 1.]]
2025-02-16 00:13:29,041 - INFO - Toa do:
[[0 0]
 [1 0]
 [2 0]
 [3 0]
 [4 0]
 [5 0]
 [6 0]
 [7 0]
 [8 0]]
2025-02-16 00:13:30,252 - INFO - Kich thuoc ma tran trong so (W): (5625, 5625)
2025-02-16 00:13:30,253 - INFO - Kich thuoc ma tran dac trung mau: (5625, 5625), Kich thuoc ma tran toa do: (5625, 5625)
2025-02-16 00:13:30,253 - INFO - Mau cua W_features (9x9 phan tu dau):
[[1. 1. 1. 1. 1. 1. 1. 1. 1.]
 [1. 1. 1. 1. 1. 1. 1. 1. 1.]
 [1. 1. 1. 1. 1. 1. 1. 1. 1.]
 [1. 1. 1. 1. 1. 1. 1. 1. 1.]
 [1. 1. 1. 1. 1. 1. 1. 1. 1.]
 [1. 1. 1. 1. 1. 1. 1. 1. 1.]
 [1. 1. 1. 1. 1. 1. 1. 1. 1.]
 [1. 1. 1. 1. 1. 1. 1. 1. 1.]
 [1. 1. 1. 1. 1. 1. 1. 1. 1.]]
2025-02-16 00:13:30,254 - INFO - Mau cua W_coords (9x9 phan tu dau):
[[1.         0.99501248 0.98019867 0.95599748 0.92311635 0.8824969
  0.83527021 0.78270454 0.72614904]
 [0.99501248 1.         0.99501248 0.98019867 0.95599748 0.92311635
  0.8824969  0.83527021 0.78270454]
 [0.98019867 0.99501248 1.         0.99501248 0.98019867 0.95599748
  0.92311635 0.8824969  0.83527021]
 [0.95599748 0.98019867 0.99501248 1.         0.99501248 0.98019867
  0.95599748 0.92311635 0.8824969 ]
 [0.92311635 0.95599748 0.98019867 0.99501248 1.         0.99501248
  0.98019867 0.95599748 0.92311635]
 [0.8824969  0.92311635 0.95599748 0.98019867 0.99501248 1.
  0.99501248 0.98019867 0.95599748]
 [0.83527021 0.8824969  0.92311635 0.95599748 0.98019867 0.99501248
  1.         0.99501248 0.98019867]
 [0.78270454 0.83527021 0.8824969  0.92311635 0.95599748 0.98019867
  0.99501248 1.         0.99501248]
 [0.72614904 0.78270454 0.83527021 0.8824969  0.92311635 0.95599748
  0.98019867 0.99501248 1.        ]]
2025-02-16 00:13:30,254 - INFO - Mau cua W (9x9 phan tu dau):
[[1.         0.99501248 0.98019867 0.95599748 0.92311635 0.8824969
  0.83527021 0.78270454 0.72614904]
 [0.99501248 1.         0.99501248 0.98019867 0.95599748 0.92311635
  0.8824969  0.83527021 0.78270454]
 [0.98019867 0.99501248 1.         0.99501248 0.98019867 0.95599748
  0.92311635 0.8824969  0.83527021]
 [0.95599748 0.98019867 0.99501248 1.         0.99501248 0.98019867
  0.95599748 0.92311635 0.8824969 ]
 [0.92311635 0.95599748 0.98019867 0.99501248 1.         0.99501248
  0.98019867 0.95599748 0.92311635]
 [0.8824969  0.92311635 0.95599748 0.98019867 0.99501248 1.
  0.99501248 0.98019867 0.95599748]
 [0.83527021 0.8824969  0.92311635 0.95599748 0.98019867 0.99501248
  1.         0.99501248 0.98019867]
 [0.78270454 0.83527021 0.8824969  0.92311635 0.95599748 0.98019867
  0.99501248 1.         0.99501248]
 [0.72614904 0.78270454 0.83527021 0.8824969  0.92311635 0.95599748
  0.98019867 0.99501248 1.        ]]
2025-02-16 00:13:30,946 - INFO - Kich thuoc ma tran thua (COO): (5625, 5625)
2025-02-16 00:13:30,946 - INFO - Mau cua ma tran thua (COO) [du lieu, hang, cot]:
[1.         0.99501248 0.98019867 0.95599748 0.92311635 0.8824969
 0.83527021 0.78270454 0.72614904], [0 0 0 0 0 0 0 0 0], [0 1 2 3 4 5 6 7 8]
2025-02-16 00:13:31,363 - INFO - Kich thuoc ma tran duong cheo (D): (5625, 5625)
2025-02-16 00:13:31,363 - INFO - Mau cua D (9 phan tu dau):
[168.89770825 181.67001507 194.21661805 206.4110467  218.13569037
 229.2848204  239.76702447 249.5069572  258.4463562 ]
2025-02-16 00:13:31,363 - INFO - Kich thuoc ma tran Laplace (L): (5625, 5625)
2025-02-16 00:13:31,363 - INFO - Mau cua L (9x9 phan tu dau):
[[167.89770825  -0.99501248  -0.98019867  -0.95599748  -0.92311635
   -0.8824969   -0.83527021  -0.78270454  -0.72614904]
 [ -0.99501248 180.67001507  -0.99501248  -0.98019867  -0.95599748
   -0.92311635  -0.8824969   -0.83527021  -0.78270454]
 [ -0.98019867  -0.99501248 193.21661805  -0.99501248  -0.98019867
   -0.95599748  -0.92311635  -0.8824969   -0.83527021]
 [ -0.95599748  -0.98019867  -0.99501248 205.4110467   -0.99501248
   -0.98019867  -0.95599748  -0.92311635  -0.8824969 ]
 [ -0.92311635  -0.95599748  -0.98019867  -0.99501248 217.13569037
   -0.99501248  -0.98019867  -0.95599748  -0.92311635]
 [ -0.8824969   -0.92311635  -0.95599748  -0.98019867  -0.99501248
  228.2848204   -0.99501248  -0.98019867  -0.95599748]
 [ -0.83527021  -0.8824969   -0.92311635  -0.95599748  -0.98019867
   -0.99501248 238.76702447  -0.99501248  -0.98019867]
 [ -0.78270454  -0.83527021  -0.8824969   -0.92311635  -0.95599748
   -0.98019867  -0.99501248 248.5069572   -0.99501248]
 [ -0.72614904  -0.78270454  -0.83527021  -0.8824969   -0.92311635
   -0.95599748  -0.98019867  -0.99501248 257.4463562 ]]
2025-02-16 00:13:31,712 - INFO - Thoi gian nhan ma tran - vector (song song): 0.017381 giay
2025-02-16 00:13:31,713 - INFO - Thoi gian tinh tich vo huong (song song): 0.000244 giay
2025-02-16 00:13:31,840 - INFO - Thoi gian: 2.8014652729034424 giay
2025-02-16 00:13:31,840 - INFO - Thoi gian ma tran W: 1.929687738418579 giay
2025-02-16 00:13:31,840 - INFO - file name: resized_image_80x80.png
2025-02-16 00:13:31,840 - INFO - Lan thu: 0
2025-02-16 00:13:31,844 - INFO - Kich thuoc anh: 80x80x3
2025-02-16 00:13:31,844 - INFO - Kich thuoc dac trung mau: (6400, 3), Kich thuoc toa do: (6400, 2)
2025-02-16 00:13:31,844 - INFO - Dac trung mau:
[[1. 1. 1.]
 [1. 1. 1.]
 [1. 1. 1.]
 [1. 1. 1.]
 [1. 1. 1.]
 [1. 1. 1.]
 [1. 1. 1.]
 [1. 1. 1.]
 [1. 1. 1.]]
2025-02-16 00:13:31,844 - INFO - Toa do:
[[0 0]
 [1 0]
 [2 0]
 [3 0]
 [4 0]
 [5 0]
 [6 0]
 [7 0]
 [8 0]]
2025-02-16 00:13:33,295 - INFO - Kich thuoc ma tran trong so (W): (6400, 6400)
2025-02-16 00:13:33,295 - INFO - Kich thuoc ma tran dac trung mau: (6400, 6400), Kich thuoc ma tran toa do: (6400, 6400)
2025-02-16 00:13:33,296 - INFO - Mau cua W_features (9x9 phan tu dau):
[[1. 1. 1. 1. 1. 1. 1. 1. 1.]
 [1. 1. 1. 1. 1. 1. 1. 1. 1.]
 [1. 1. 1. 1. 1. 1. 1. 1. 1.]
 [1. 1. 1. 1. 1. 1. 1. 1. 1.]
 [1. 1. 1. 1. 1. 1. 1. 1. 1.]
 [1. 1. 1. 1. 1. 1. 1. 1. 1.]
 [1. 1. 1. 1. 1. 1. 1. 1. 1.]
 [1. 1. 1. 1. 1. 1. 1. 1. 1.]
 [1. 1. 1. 1. 1. 1. 1. 1. 1.]]
2025-02-16 00:13:33,296 - INFO - Mau cua W_coords (9x9 phan tu dau):
[[1.         0.99501248 0.98019867 0.95599748 0.92311635 0.8824969
  0.83527021 0.78270454 0.72614904]
 [0.99501248 1.         0.99501248 0.98019867 0.95599748 0.92311635
  0.8824969  0.83527021 0.78270454]
 [0.98019867 0.99501248 1.         0.99501248 0.98019867 0.95599748
  0.92311635 0.8824969  0.83527021]
 [0.95599748 0.98019867 0.99501248 1.         0.99501248 0.98019867
  0.95599748 0.92311635 0.8824969 ]
 [0.92311635 0.95599748 0.98019867 0.99501248 1.         0.99501248
  0.98019867 0.95599748 0.92311635]
 [0.8824969  0.92311635 0.95599748 0.98019867 0.99501248 1.
  0.99501248 0.98019867 0.95599748]
 [0.83527021 0.8824969  0.92311635 0.95599748 0.98019867 0.99501248
  1.         0.99501248 0.98019867]
 [0.78270454 0.83527021 0.8824969  0.92311635 0.95599748 0.98019867
  0.99501248 1.         0.99501248]
 [0.72614904 0.78270454 0.83527021 0.8824969  0.92311635 0.95599748
  0.98019867 0.99501248 1.        ]]
2025-02-16 00:13:33,296 - INFO - Mau cua W (9x9 phan tu dau):
[[1.         0.99501248 0.98019867 0.95599748 0.92311635 0.8824969
  0.83527021 0.78270454 0.72614904]
 [0.99501248 1.         0.99501248 0.98019867 0.95599748 0.92311635
  0.8824969  0.83527021 0.78270454]
 [0.98019867 0.99501248 1.         0.99501248 0.98019867 0.95599748
  0.92311635 0.8824969  0.83527021]
 [0.95599748 0.98019867 0.99501248 1.         0.99501248 0.98019867
  0.95599748 0.92311635 0.8824969 ]
 [0.92311635 0.95599748 0.98019867 0.99501248 1.         0.99501248
  0.98019867 0.95599748 0.92311635]
 [0.8824969  0.92311635 0.95599748 0.98019867 0.99501248 1.
  0.99501248 0.98019867 0.95599748]
 [0.83527021 0.8824969  0.92311635 0.95599748 0.98019867 0.99501248
  1.         0.99501248 0.98019867]
 [0.78270454 0.83527021 0.8824969  0.92311635 0.95599748 0.98019867
  0.99501248 1.         0.99501248]
 [0.72614904 0.78270454 0.83527021 0.8824969  0.92311635 0.95599748
  0.98019867 0.99501248 1.        ]]
2025-02-16 00:13:34,193 - INFO - Kich thuoc ma tran thua (COO): (6400, 6400)
2025-02-16 00:13:34,193 - INFO - Mau cua ma tran thua (COO) [du lieu, hang, cot]:
[1.         0.99501248 0.98019867 0.95599748 0.92311635 0.8824969
 0.83527021 0.78270454 0.72614904], [0 0 0 0 0 0 0 0 0], [0 1 2 3 4 5 6 7 8]
2025-02-16 00:13:34,678 - INFO - Kich thuoc ma tran duong cheo (D): (6400, 6400)
2025-02-16 00:13:34,678 - INFO - Mau cua D (9 phan tu dau):
[169.33885259 182.19784368 194.84465079 207.15428294 219.01069098
 230.30978859 240.96188413 250.89342624 260.04801097]
2025-02-16 00:13:34,678 - INFO - Kich thuoc ma tran Laplace (L): (6400, 6400)
2025-02-16 00:13:34,678 - INFO - Mau cua L (9x9 phan tu dau):
[[168.33885259  -0.99501248  -0.98019867  -0.95599748  -0.92311635
   -0.8824969   -0.83527021  -0.78270454  -0.72614904]
 [ -0.99501248 181.19784368  -0.99501248  -0.98019867  -0.95599748
   -0.92311635  -0.8824969   -0.83527021  -0.78270454]
 [ -0.98019867  -0.99501248 193.84465079  -0.99501248  -0.98019867
   -0.95599748  -0.92311635  -0.8824969   -0.83527021]
 [ -0.95599748  -0.98019867  -0.99501248 206.15428294  -0.99501248
   -0.98019867  -0.95599748  -0.92311635  -0.8824969 ]
 [ -0.92311635  -0.95599748  -0.98019867  -0.99501248 218.01069098
   -0.99501248  -0.98019867  -0.95599748  -0.92311635]
 [ -0.8824969   -0.92311635  -0.95599748  -0.98019867  -0.99501248
  229.30978859  -0.99501248  -0.98019867  -0.95599748]
 [ -0.83527021  -0.8824969   -0.92311635  -0.95599748  -0.98019867
   -0.99501248 239.96188413  -0.99501248  -0.98019867]
 [ -0.78270454  -0.83527021  -0.8824969   -0.92311635  -0.95599748
   -0.98019867  -0.99501248 249.89342624  -0.99501248]
 [ -0.72614904  -0.78270454  -0.83527021  -0.8824969   -0.92311635
   -0.95599748  -0.98019867  -0.99501248 259.04801097]]
2025-02-16 00:13:35,168 - INFO - Thoi gian nhan ma tran - vector (song song): 0.018696 giay
2025-02-16 00:13:35,169 - INFO - Thoi gian tinh tich vo huong (song song): 0.000053 giay
2025-02-16 00:13:35,305 - INFO - Thoi gian: 3.4641244411468506 giay
2025-02-16 00:13:35,305 - INFO - Thoi gian ma tran W: 2.3784990310668945 giay
2025-02-16 00:13:35,305 - INFO - file name: resized_image_85x85.png
2025-02-16 00:13:35,305 - INFO - Lan thu: 0
2025-02-16 00:13:35,307 - INFO - Kich thuoc anh: 85x85x3
2025-02-16 00:13:35,307 - INFO - Kich thuoc dac trung mau: (7225, 3), Kich thuoc toa do: (7225, 2)
2025-02-16 00:13:35,308 - INFO - Dac trung mau:
[[1. 1. 1.]
 [1. 1. 1.]
 [1. 1. 1.]
 [1. 1. 1.]
 [1. 1. 1.]
 [1. 1. 1.]
 [1. 1. 1.]
 [1. 1. 1.]
 [1. 1. 1.]]
2025-02-16 00:13:35,308 - INFO - Toa do:
[[0 0]
 [1 0]
 [2 0]
 [3 0]
 [4 0]
 [5 0]
 [6 0]
 [7 0]
 [8 0]]
2025-02-16 00:13:37,063 - INFO - Kich thuoc ma tran trong so (W): (7225, 7225)
2025-02-16 00:13:37,063 - INFO - Kich thuoc ma tran dac trung mau: (7225, 7225), Kich thuoc ma tran toa do: (7225, 7225)
2025-02-16 00:13:37,063 - INFO - Mau cua W_features (9x9 phan tu dau):
[[1. 1. 1. 1. 1. 1. 1. 1. 1.]
 [1. 1. 1. 1. 1. 1. 1. 1. 1.]
 [1. 1. 1. 1. 1. 1. 1. 1. 1.]
 [1. 1. 1. 1. 1. 1. 1. 1. 1.]
 [1. 1. 1. 1. 1. 1. 1. 1. 1.]
 [1. 1. 1. 1. 1. 1. 1. 1. 1.]
 [1. 1. 1. 1. 1. 1. 1. 1. 1.]
 [1. 1. 1. 1. 1. 1. 1. 1. 1.]
 [1. 1. 1. 1. 1. 1. 1. 1. 1.]]
2025-02-16 00:13:37,063 - INFO - Mau cua W_coords (9x9 phan tu dau):
[[1.         0.99501248 0.98019867 0.95599748 0.92311635 0.8824969
  0.83527021 0.78270454 0.72614904]
 [0.99501248 1.         0.99501248 0.98019867 0.95599748 0.92311635
  0.8824969  0.83527021 0.78270454]
 [0.98019867 0.99501248 1.         0.99501248 0.98019867 0.95599748
  0.92311635 0.8824969  0.83527021]
 [0.95599748 0.98019867 0.99501248 1.         0.99501248 0.98019867
  0.95599748 0.92311635 0.8824969 ]
 [0.92311635 0.95599748 0.98019867 0.99501248 1.         0.99501248
  0.98019867 0.95599748 0.92311635]
 [0.8824969  0.92311635 0.95599748 0.98019867 0.99501248 1.
  0.99501248 0.98019867 0.95599748]
 [0.83527021 0.8824969  0.92311635 0.95599748 0.98019867 0.99501248
  1.         0.99501248 0.98019867]
 [0.78270454 0.83527021 0.8824969  0.92311635 0.95599748 0.98019867
  0.99501248 1.         0.99501248]
 [0.72614904 0.78270454 0.83527021 0.8824969  0.92311635 0.95599748
  0.98019867 0.99501248 1.        ]]
2025-02-16 00:13:37,064 - INFO - Mau cua W (9x9 phan tu dau):
[[1.         0.99501248 0.98019867 0.95599748 0.92311635 0.8824969
  0.83527021 0.78270454 0.72614904]
 [0.99501248 1.         0.99501248 0.98019867 0.95599748 0.92311635
  0.8824969  0.83527021 0.78270454]
 [0.98019867 0.99501248 1.         0.99501248 0.98019867 0.95599748
  0.92311635 0.8824969  0.83527021]
 [0.95599748 0.98019867 0.99501248 1.         0.99501248 0.98019867
  0.95599748 0.92311635 0.8824969 ]
 [0.92311635 0.95599748 0.98019867 0.99501248 1.         0.99501248
  0.98019867 0.95599748 0.92311635]
 [0.8824969  0.92311635 0.95599748 0.98019867 0.99501248 1.
  0.99501248 0.98019867 0.95599748]
 [0.83527021 0.8824969  0.92311635 0.95599748 0.98019867 0.99501248
  1.         0.99501248 0.98019867]
 [0.78270454 0.83527021 0.8824969  0.92311635 0.95599748 0.98019867
  0.99501248 1.         0.99501248]
 [0.72614904 0.78270454 0.83527021 0.8824969  0.92311635 0.95599748
  0.98019867 0.99501248 1.        ]]
2025-02-16 00:13:38,152 - INFO - Kich thuoc ma tran thua (COO): (7225, 7225)
2025-02-16 00:13:38,153 - INFO - Mau cua ma tran thua (COO) [du lieu, hang, cot]:
[1.         0.99501248 0.98019867 0.95599748 0.92311635 0.8824969
 0.83527021 0.78270454 0.72614904], [0 0 0 0 0 0 0 0 0], [0 1 2 3 4 5 6 7 8]
2025-02-16 00:13:38,758 - INFO - Kich thuoc ma tran duong cheo (D): (7225, 7225)
2025-02-16 00:13:38,759 - INFO - Mau cua D (9 phan tu dau):
[169.57499302 182.48147448 195.18344325 207.55679463 219.48642253
 230.86924231 241.61662465 251.65614306 260.93258181]
