PS D:\code Ncut\cpu> python .\ncut_GPU.py
Computing weight matrix...
Kích thước ảnh: 98x100x3
Kích thước đặc trưng màu: (9800, 3), Kích thước tọa độ: (9800, 2)
đặc trưng màu:
[[1. 1. 1.]
 [1. 1. 1.]
 [1. 1. 1.]
 [1. 1. 1.]
 [1. 1. 1.]
 [1. 1. 1.]
 [1. 1. 1.]
 [1. 1. 1.]
 [1. 1. 1.]]
tọa độ:
[[0 0]
 [1 0]
 [2 0]
 [3 0]
 [4 0]
 [5 0]
 [6 0]
 [7 0]
 [8 0]]
Mẫu của W (9x9 phần tử đầu):
[[1.         0.99501246 0.9801987  0.95599747 0.9231163  0.8824969
  0.8352702  0.78270453 0.726149  ]
 [0.99501246 1.         0.99501246 0.9801987  0.95599747 0.9231163
  0.8824969  0.8352702  0.78270453]
 [0.9801987  0.99501246 1.         0.99501246 0.9801987  0.95599747
  0.9231163  0.8824969  0.8352702 ]
 [0.95599747 0.9801987  0.99501246 1.         0.99501246 0.9801987
  0.95599747 0.9231163  0.8824969 ]
 [0.9231163  0.95599747 0.9801987  0.99501246 1.         0.99501246
  0.9801987  0.95599747 0.9231163 ]
 [0.8824969  0.9231163  0.95599747 0.9801987  0.99501246 1.
  0.99501246 0.9801987  0.95599747]
 [0.8352702  0.8824969  0.9231163  0.95599747 0.9801987  0.99501246
  1.         0.99501246 0.9801987 ]
 [0.78270453 0.8352702  0.8824969  0.9231163  0.95599747 0.9801987
  0.99501246 1.         0.99501246]
 [0.726149   0.78270453 0.8352702  0.8824969  0.9231163  0.95599747
  0.9801987  0.99501246 1.        ]]
Computing Laplacian...
Kích thước ma trận đường chéo (D): (9800, 9800)
Kích thước ma trận trọng số W: (9800, 9800)
Kích thước ma trận Laplace (L): (9800, 9800)
Computing eigenvectors...
Partitioning graph...
Mẫu của vector riêng (9 hàng đầu):
[[-5.63647656e-04  4.22796351e-04 -1.22966958e-05]
 [-5.63647423e-04  4.22797428e-04 -1.22999090e-05]
 [-5.63647714e-04  4.22797952e-04 -1.23013560e-05]
 [-5.63648005e-04  4.22798184e-04 -1.23039345e-05]
 [-5.63648064e-04  4.22798505e-04 -1.23052869e-05]
 [-5.63647947e-04  4.22799058e-04 -1.23085811e-05]
 [-5.63647947e-04  4.22799319e-04 -1.23113505e-05]
 [-5.63648122e-04  4.22799436e-04 -1.23142518e-05]
 [-5.63647889e-04  4.22799698e-04 -1.23172813e-05]]
Nhãn gán cho 27 pixel đầu tiên: [2 2 2 2 2 2 2 2 2 2 2 2 2 2 2 2 2 2 2 2 2 2 2 2 2 2 2]
Displaying results...
thời gian: 22.50975251197815 giây