PS D:\code Ncut\cpu> python code_chuan_console.py
Bắt đầu tính ma trận trọng số...
Kích thước ảnh: 98x100x3
Kích thước đặc trưng màu: (9800, 3), Kích thước tọa độ: (9800, 2)
đặc trưng màu:
[[1. 1. 1.]
 [1. 1. 1.]
 [1. 1. 1.]
 [1. 1. 1.]
 [1. 1. 1.]
 [1. 1. 1.]
 [1. 1. 1.]
 [1. 1. 1.]
 [1. 1. 1.]]
tọa độ:
[[0 0]
 [1 0]
 [2 0]
 [3 0]
 [4 0]
 [5 0]
 [6 0]
 [7 0]
 [8 0]]
Kích thước ma trận trọng số (W): (9800, 9800)
Kích thước ma trận đặc trưng màu: (9800, 9800), Kích thước ma trận tọa độ: (9800, 9800)
Mẫu của W_features (9x9 phần tử đầu):
[[1. 1. 1. 1. 1. 1. 1. 1. 1.]
 [1. 1. 1. 1. 1. 1. 1. 1. 1.]
 [1. 1. 1. 1. 1. 1. 1. 1. 1.]
 [1. 1. 1. 1. 1. 1. 1. 1. 1.]
 [1. 1. 1. 1. 1. 1. 1. 1. 1.]
 [1. 1. 1. 1. 1. 1. 1. 1. 1.]
 [1. 1. 1. 1. 1. 1. 1. 1. 1.]
 [1. 1. 1. 1. 1. 1. 1. 1. 1.]
 [1. 1. 1. 1. 1. 1. 1. 1. 1.]]
Mẫu của W_coords (9x9 phần tử đầu):
[[1.         0.99501248 0.98019867 0.95599748 0.92311635 0.8824969
  0.83527021 0.78270454 0.72614904]
 [0.99501248 1.         0.99501248 0.98019867 0.95599748 0.92311635
  0.8824969  0.83527021 0.78270454]
 [0.98019867 0.99501248 1.         0.99501248 0.98019867 0.95599748
  0.92311635 0.8824969  0.83527021]
 [0.95599748 0.98019867 0.99501248 1.         0.99501248 0.98019867
  0.95599748 0.92311635 0.8824969 ]
 [0.92311635 0.95599748 0.98019867 0.99501248 1.         0.99501248
  0.98019867 0.95599748 0.92311635]
 [0.8824969  0.92311635 0.95599748 0.98019867 0.99501248 1.
  0.99501248 0.98019867 0.95599748]
 [0.83527021 0.8824969  0.92311635 0.95599748 0.98019867 0.99501248
  1.         0.99501248 0.98019867]
 [0.78270454 0.83527021 0.8824969  0.92311635 0.95599748 0.98019867
  0.99501248 1.         0.99501248]
 [0.72614904 0.78270454 0.83527021 0.8824969  0.92311635 0.95599748
  0.98019867 0.99501248 1.        ]]
Mẫu của W (9x9 phần tử đầu):
[[1.         0.99501248 0.98019867 0.95599748 0.92311635 0.8824969
  0.83527021 0.78270454 0.72614904]
 [0.99501248 1.         0.99501248 0.98019867 0.95599748 0.92311635
  0.8824969  0.83527021 0.78270454]
 [0.98019867 0.99501248 1.         0.99501248 0.98019867 0.95599748
  0.92311635 0.8824969  0.83527021]
 [0.95599748 0.98019867 0.99501248 1.         0.99501248 0.98019867
  0.95599748 0.92311635 0.8824969 ]
 [0.92311635 0.95599748 0.98019867 0.99501248 1.         0.99501248
  0.98019867 0.95599748 0.92311635]
 [0.8824969  0.92311635 0.95599748 0.98019867 0.99501248 1.
  0.99501248 0.98019867 0.95599748]
 [0.83527021 0.8824969  0.92311635 0.95599748 0.98019867 0.99501248
  1.         0.99501248 0.98019867]
 [0.78270454 0.83527021 0.8824969  0.92311635 0.95599748 0.98019867
  0.99501248 1.         0.99501248]
 [0.72614904 0.78270454 0.83527021 0.8824969  0.92311635 0.95599748
  0.98019867 0.99501248 1.        ]]
Tính ma trận Laplace...
Kích thước ma trận đường chéo (D): (9800, 9800)
Mẫu của D (9x9 phần tử đầu):
 [[147.80452214   0.           0.           0.           0.
    0.           0.           0.           0.        ]
 [  0.         159.98162611   0.           0.           0.
    0.           0.           0.           0.        ]
 [  0.           0.         172.14297343   0.           0.
    0.           0.           0.           0.        ]
 [  0.           0.           0.         184.18042003   0.
    0.           0.           0.           0.        ]
 [  0.           0.           0.           0.         195.99016062
    0.           0.           0.           0.        ]
 [  0.           0.           0.           0.           0.
  207.4754227    0.           0.           0.        ]
 [  0.           0.           0.           0.           0.
    0.         218.54880763   0.           0.        ]
 [  0.           0.           0.           0.           0.
    0.           0.         229.13418658   0.        ]
 [  0.           0.           0.           0.           0.
    0.           0.           0.         239.16808894]]
Kích thước ma trận Laplace (L): (9800, 9800)
Mẫu của L (9x9 phần tử đầu):
 [[146.80452214  -0.99501248  -0.98019867  -0.95599748  -0.92311635
   -0.8824969   -0.83527021  -0.78270454  -0.72614904]
 [ -0.99501248 158.98162611  -0.99501248  -0.98019867  -0.95599748
   -0.92311635  -0.8824969   -0.83527021  -0.78270454]
 [ -0.98019867  -0.99501248 171.14297343  -0.99501248  -0.98019867
   -0.95599748  -0.92311635  -0.8824969   -0.83527021]
 [ -0.95599748  -0.98019867  -0.99501248 183.18042003  -0.99501248
   -0.98019867  -0.95599748  -0.92311635  -0.8824969 ]
 [ -0.92311635  -0.95599748  -0.98019867  -0.99501248 194.99016062
   -0.99501248  -0.98019867  -0.95599748  -0.92311635]
 [ -0.8824969   -0.92311635  -0.95599748  -0.98019867  -0.99501248
  206.4754227   -0.99501248  -0.98019867  -0.95599748]
 [ -0.83527021  -0.8824969   -0.92311635  -0.95599748  -0.98019867
   -0.99501248 217.54880763  -0.99501248  -0.98019867]
 [ -0.78270454  -0.83527021  -0.8824969   -0.92311635  -0.95599748
   -0.98019867  -0.99501248 228.13418658  -0.99501248]
 [ -0.72614904  -0.78270454  -0.83527021  -0.8824969   -0.92311635
   -0.95599748  -0.98019867  -0.99501248 238.16808894]]
Tính vector riêng...
Trị riêng (Eigenvalues): [5.88152009e-17 9.27768649e-06 5.02174674e-04]
Kích thước vector riêng: (9800, 3)
Mẫu của vector riêng (9 hàng đầu):
[[5.69108033e-04 4.15394295e-04 1.22352178e-05]
 [5.69108033e-04 4.15394463e-04 1.22370806e-05]
 [5.69108033e-04 4.15394648e-04 1.22391020e-05]
 [5.69108033e-04 4.15394848e-04 1.22412931e-05]
 [5.69108033e-04 4.15395067e-04 1.22436649e-05]
 [5.69108033e-04 4.15395304e-04 1.22462284e-05]
 [5.69108033e-04 4.15395560e-04 1.22489943e-05]
 [5.69108033e-04 4.15395837e-04 1.22519726e-05]
 [5.69108033e-04 4.15396134e-04 1.22551728e-05]]
Gán nhãn cho các điểm ảnh...
Nhãn gán cho 27 pixel đầu tiên: [2 2 2 2 2 2 2 2 2 2 2 2 2 2 2 2 2 2 2 2 2 2 2 2 2 2 2]
Hiển thị kết quả...
thời gian: 117.39877724647522 giây