2025-02-16 12:43:49,654 - INFO - file name: resized_image_50x50.png
2025-02-16 12:43:49,654 - INFO - Lan thu: 0
2025-02-16 12:43:49,665 - INFO - Kich thuoc anh: 50x50x3
2025-02-16 12:43:49,666 - INFO - Kich thuoc dac trung mau: (2500, 3), Kich thuoc toa do: (2500, 2)
2025-02-16 12:43:51,820 - INFO - Kich thuoc ma tran trong so (W): (2500, 2500)
2025-02-16 12:43:51,946 - INFO - Thoi gian xu ly (song song hoa): 0.1253 giay
2025-02-16 12:43:52,016 - INFO - Kich thuoc ma tran duong cheo (D): (2500, 2500)
2025-02-16 12:43:52,016 - INFO - Mau cua D (9 phan tu dau):
[157.52426934 168.50996396 179.08314809 189.11310997 198.48030178
 207.07969763 214.82357598 221.64363085 227.4923585 ]
2025-02-16 12:43:52,030 - INFO - Kich thuoc ma tran Laplace (L): (2500, 2500)
2025-02-16 12:43:52,030 - INFO - Mau cua L (9x9 phan tu dau):
[[156.52426934  -0.99501248  -0.98019867  -0.95599748  -0.92311635
   -0.8824969   -0.83527021  -0.78270454  -0.72614904]
 [ -0.99501248 167.50996396  -0.99501248  -0.98019867  -0.95599748
   -0.92311635  -0.8824969   -0.83527021  -0.78270454]
 [ -0.98019867  -0.99501248 178.08314809  -0.99501248  -0.98019867
   -0.95599748  -0.92311635  -0.8824969   -0.83527021]
 [ -0.95599748  -0.98019867  -0.99501248 188.11310997  -0.99501248
   -0.98019867  -0.95599748  -0.92311635  -0.8824969 ]
 [ -0.92311635  -0.95599748  -0.98019867  -0.99501248 197.48030178
   -0.99501248  -0.98019867  -0.95599748  -0.92311635]
 [ -0.8824969   -0.92311635  -0.95599748  -0.98019867  -0.99501248
  206.07969763  -0.99501248  -0.98019867  -0.95599748]
 [ -0.83527021  -0.8824969   -0.92311635  -0.95599748  -0.98019867
   -0.99501248 213.82357598  -0.99501248  -0.98019867]
 [ -0.78270454  -0.83527021  -0.8824969   -0.92311635  -0.95599748
   -0.98019867  -0.99501248 220.64363085  -0.99501248]
 [ -0.72614904  -0.78270454  -0.83527021  -0.8824969   -0.92311635
   -0.95599748  -0.98019867  -0.99501248 226.4923585 ]]
2025-02-16 12:44:05,134 - INFO - Thoi gian: 15.480352878570557 giay
2025-02-16 12:44:05,135 - INFO - Thoi gian ma tran W: 2.28670334815979 giay
2025-02-16 12:44:05,147 - INFO - file name: resized_image_55x55.png
2025-02-16 12:44:05,147 - INFO - Lan thu: 0
2025-02-16 12:44:05,149 - INFO - Kich thuoc anh: 55x55x3
2025-02-16 12:44:05,149 - INFO - Kich thuoc dac trung mau: (3025, 3), Kich thuoc toa do: (3025, 2)
2025-02-16 12:44:06,457 - INFO - Kich thuoc ma tran trong so (W): (3025, 3025)
2025-02-16 12:44:06,650 - INFO - Thoi gian xu ly (song song hoa): 0.1936 giay
2025-02-16 12:44:06,752 - INFO - Kich thuoc ma tran duong cheo (D): (3025, 3025)
2025-02-16 12:44:06,752 - INFO - Mau cua D (9 phan tu dau):
[162.00953979 173.63918439 184.90983323 195.68865003 205.85265425
 215.29194834 223.91237818 231.63753678 238.41006485]
2025-02-16 12:44:06,753 - INFO - Kich thuoc ma tran Laplace (L): (3025, 3025)
2025-02-16 12:44:06,753 - INFO - Mau cua L (9x9 phan tu dau):
[[161.00953979  -0.99501248  -0.98019867  -0.95599748  -0.92311635
   -0.8824969   -0.83527021  -0.78270454  -0.72614904]
 [ -0.99501248 172.63918439  -0.99501248  -0.98019867  -0.95599748
   -0.92311635  -0.8824969   -0.83527021  -0.78270454]
 [ -0.98019867  -0.99501248 183.90983323  -0.99501248  -0.98019867
   -0.95599748  -0.92311635  -0.8824969   -0.83527021]
 [ -0.95599748  -0.98019867  -0.99501248 194.68865003  -0.99501248
   -0.98019867  -0.95599748  -0.92311635  -0.8824969 ]
 [ -0.92311635  -0.95599748  -0.98019867  -0.99501248 204.85265425
   -0.99501248  -0.98019867  -0.95599748  -0.92311635]
 [ -0.8824969   -0.92311635  -0.95599748  -0.98019867  -0.99501248
  214.29194834  -0.99501248  -0.98019867  -0.95599748]
 [ -0.83527021  -0.8824969   -0.92311635  -0.95599748  -0.98019867
   -0.99501248 222.91237818  -0.99501248  -0.98019867]
 [ -0.78270454  -0.83527021  -0.8824969   -0.92311635  -0.95599748
   -0.98019867  -0.99501248 230.63753678  -0.99501248]
 [ -0.72614904  -0.78270454  -0.83527021  -0.8824969   -0.92311635
   -0.95599748  -0.98019867  -0.99501248 237.41006485]]
2025-02-16 12:44:26,275 - INFO - Thoi gian: 21.12819266319275 giay
2025-02-16 12:44:26,275 - INFO - Thoi gian ma tran W: 1.5107948780059814 giay
2025-02-16 12:44:26,275 - INFO - file name: resized_image_60x60.png
2025-02-16 12:44:26,275 - INFO - Lan thu: 0
2025-02-16 12:44:26,278 - INFO - Kich thuoc anh: 60x60x3
2025-02-16 12:44:26,278 - INFO - Kich thuoc dac trung mau: (3600, 3), Kich thuoc toa do: (3600, 2)
2025-02-16 12:44:26,776 - INFO - Kich thuoc ma tran trong so (W): (3600, 3600)
2025-02-16 12:44:27,046 - INFO - Thoi gian xu ly (song song hoa): 0.2697 giay
2025-02-16 12:44:27,208 - INFO - Kich thuoc ma tran duong cheo (D): (3600, 3600)
2025-02-16 12:44:27,208 - INFO - Mau cua D (9 phan tu dau):
[165.1264778  177.25179481 189.07127635 200.45357968 211.27658208
 221.43049307 230.82038979 239.36808507 247.0132831 ]
2025-02-16 12:44:27,209 - INFO - Kich thuoc ma tran Laplace (L): (3600, 3600)
2025-02-16 12:44:27,209 - INFO - Mau cua L (9x9 phan tu dau):
[[164.1264778   -0.99501248  -0.98019867  -0.95599748  -0.92311635
   -0.8824969   -0.83527021  -0.78270454  -0.72614904]
 [ -0.99501248 176.25179481  -0.99501248  -0.98019867  -0.95599748
   -0.92311635  -0.8824969   -0.83527021  -0.78270454]
 [ -0.98019867  -0.99501248 188.07127635  -0.99501248  -0.98019867
   -0.95599748  -0.92311635  -0.8824969   -0.83527021]
 [ -0.95599748  -0.98019867  -0.99501248 199.45357968  -0.99501248
   -0.98019867  -0.95599748  -0.92311635  -0.8824969 ]
 [ -0.92311635  -0.95599748  -0.98019867  -0.99501248 210.27658208
   -0.99501248  -0.98019867  -0.95599748  -0.92311635]
 [ -0.8824969   -0.92311635  -0.95599748  -0.98019867  -0.99501248
  220.43049307  -0.99501248  -0.98019867  -0.95599748]
 [ -0.83527021  -0.8824969   -0.92311635  -0.95599748  -0.98019867
   -0.99501248 229.82038979  -0.99501248  -0.98019867]
 [ -0.78270454  -0.83527021  -0.8824969   -0.92311635  -0.95599748
   -0.98019867  -0.99501248 238.36808507  -0.99501248]
 [ -0.72614904  -0.78270454  -0.83527021  -0.8824969   -0.92311635
   -0.95599748  -0.98019867  -0.99501248 246.0132831 ]]
2025-02-16 12:45:18,622 - INFO - Thoi gian: 52.347083568573 giay
2025-02-16 12:45:18,622 - INFO - Thoi gian ma tran W: 0.7810721397399902 giay
2025-02-16 12:45:18,623 - INFO - file name: resized_image_65x65.png
2025-02-16 12:45:18,623 - INFO - Lan thu: 0
2025-02-16 12:45:18,624 - INFO - Kich thuoc anh: 65x65x3
2025-02-16 12:45:18,624 - INFO - Kich thuoc dac trung mau: (4225, 3), Kich thuoc toa do: (4225, 2)
2025-02-16 12:45:19,290 - INFO - Kich thuoc ma tran trong so (W): (4225, 4225)
2025-02-16 12:45:19,667 - INFO - Thoi gian xu ly (song song hoa): 0.3762 giay
2025-02-16 12:45:19,897 - INFO - Kich thuoc ma tran duong cheo (D): (4225, 4225)
2025-02-16 12:45:19,898 - INFO - Mau cua D (9 phan tu dau):
[166.92113603 179.33951427 191.48478532 203.22679813 214.44431521
 225.0280779  234.88329089 243.93143378 252.1113524 ]
2025-02-16 12:45:19,898 - INFO - Kich thuoc ma tran Laplace (L): (4225, 4225)
2025-02-16 12:45:19,898 - INFO - Mau cua L (9x9 phan tu dau):
[[165.92113603  -0.99501248  -0.98019867  -0.95599748  -0.92311635
   -0.8824969   -0.83527021  -0.78270454  -0.72614904]
 [ -0.99501248 178.33951427  -0.99501248  -0.98019867  -0.95599748
   -0.92311635  -0.8824969   -0.83527021  -0.78270454]
 [ -0.98019867  -0.99501248 190.48478532  -0.99501248  -0.98019867
   -0.95599748  -0.92311635  -0.8824969   -0.83527021]
 [ -0.95599748  -0.98019867  -0.99501248 202.22679813  -0.99501248
   -0.98019867  -0.95599748  -0.92311635  -0.8824969 ]
 [ -0.92311635  -0.95599748  -0.98019867  -0.99501248 213.44431521
   -0.99501248  -0.98019867  -0.95599748  -0.92311635]
 [ -0.8824969   -0.92311635  -0.95599748  -0.98019867  -0.99501248
  224.0280779   -0.99501248  -0.98019867  -0.95599748]
 [ -0.83527021  -0.8824969   -0.92311635  -0.95599748  -0.98019867
   -0.99501248 233.88329089  -0.99501248  -0.98019867]
 [ -0.78270454  -0.83527021  -0.8824969   -0.92311635  -0.95599748
   -0.98019867  -0.99501248 242.93143378  -0.99501248]
 [ -0.72614904  -0.78270454  -0.83527021  -0.8824969   -0.92311635
   -0.95599748  -0.98019867  -0.99501248 251.1113524 ]]
2025-02-16 12:46:09,293 - INFO - Thoi gian: 50.670077085494995 giay
2025-02-16 12:46:09,293 - INFO - Thoi gian ma tran W: 1.060065507888794 giay
2025-02-16 12:46:09,293 - INFO - file name: resized_image_70x70.png
2025-02-16 12:46:09,293 - INFO - Lan thu: 0
2025-02-16 12:46:09,295 - INFO - Kich thuoc anh: 70x70x3
2025-02-16 12:46:09,295 - INFO - Kich thuoc dac trung mau: (4900, 3), Kich thuoc toa do: (4900, 2)
2025-02-16 12:46:10,179 - INFO - Kich thuoc ma tran trong so (W): (4900, 4900)
2025-02-16 12:46:10,694 - INFO - Thoi gian xu ly (song song hoa): 0.5151 giay
2025-02-16 12:46:10,972 - INFO - Kich thuoc ma tran duong cheo (D): (4900, 4900)
2025-02-16 12:46:10,973 - INFO - Mau cua D (9 phan tu dau):
[168.19973952 180.84359727 193.24368895 205.2719153  216.80899291
 227.74748383 237.99424073 247.47217381 256.12129099]
2025-02-16 12:46:10,973 - INFO - Kich thuoc ma tran Laplace (L): (4900, 4900)
2025-02-16 12:46:10,973 - INFO - Mau cua L (9x9 phan tu dau):
[[167.19973952  -0.99501248  -0.98019867  -0.95599748  -0.92311635
   -0.8824969   -0.83527021  -0.78270454  -0.72614904]
 [ -0.99501248 179.84359727  -0.99501248  -0.98019867  -0.95599748
   -0.92311635  -0.8824969   -0.83527021  -0.78270454]
 [ -0.98019867  -0.99501248 192.24368895  -0.99501248  -0.98019867
   -0.95599748  -0.92311635  -0.8824969   -0.83527021]
 [ -0.95599748  -0.98019867  -0.99501248 204.2719153   -0.99501248
   -0.98019867  -0.95599748  -0.92311635  -0.8824969 ]
 [ -0.92311635  -0.95599748  -0.98019867  -0.99501248 215.80899291
   -0.99501248  -0.98019867  -0.95599748  -0.92311635]
 [ -0.8824969   -0.92311635  -0.95599748  -0.98019867  -0.99501248
  226.74748383  -0.99501248  -0.98019867  -0.95599748]
 [ -0.83527021  -0.8824969   -0.92311635  -0.95599748  -0.98019867
   -0.99501248 236.99424073  -0.99501248  -0.98019867]
 [ -0.78270454  -0.83527021  -0.8824969   -0.92311635  -0.95599748
   -0.98019867  -0.99501248 246.47217381  -0.99501248]
 [ -0.72614904  -0.78270454  -0.83527021  -0.8824969   -0.92311635
   -0.95599748  -0.98019867  -0.99501248 255.12129099]]
2025-02-16 12:47:17,976 - INFO - Thoi gian: 68.68314456939697 giay
2025-02-16 12:47:17,976 - INFO - Thoi gian ma tran W: 1.4306936264038086 giay
2025-02-16 12:47:17,977 - INFO - file name: resized_image_50x50.png
2025-02-16 12:47:17,977 - INFO - Lan thu: 1
2025-02-16 12:47:17,978 - INFO - Kich thuoc anh: 50x50x3
2025-02-16 12:47:17,979 - INFO - Kich thuoc dac trung mau: (2500, 3), Kich thuoc toa do: (2500, 2)
2025-02-16 12:47:18,240 - INFO - Kich thuoc ma tran trong so (W): (2500, 2500)
2025-02-16 12:47:18,367 - INFO - Thoi gian xu ly (song song hoa): 0.1265 giay
2025-02-16 12:47:18,437 - INFO - Kich thuoc ma tran duong cheo (D): (2500, 2500)
2025-02-16 12:47:18,437 - INFO - Mau cua D (9 phan tu dau):
[157.52426934 168.50996396 179.08314809 189.11310997 198.48030178
 207.07969763 214.82357598 221.64363085 227.4923585 ]
2025-02-16 12:47:18,437 - INFO - Kich thuoc ma tran Laplace (L): (2500, 2500)
2025-02-16 12:47:18,437 - INFO - Mau cua L (9x9 phan tu dau):
[[156.52426934  -0.99501248  -0.98019867  -0.95599748  -0.92311635
   -0.8824969   -0.83527021  -0.78270454  -0.72614904]
 [ -0.99501248 167.50996396  -0.99501248  -0.98019867  -0.95599748
   -0.92311635  -0.8824969   -0.83527021  -0.78270454]
 [ -0.98019867  -0.99501248 178.08314809  -0.99501248  -0.98019867
   -0.95599748  -0.92311635  -0.8824969   -0.83527021]
 [ -0.95599748  -0.98019867  -0.99501248 188.11310997  -0.99501248
   -0.98019867  -0.95599748  -0.92311635  -0.8824969 ]
 [ -0.92311635  -0.95599748  -0.98019867  -0.99501248 197.48030178
   -0.99501248  -0.98019867  -0.95599748  -0.92311635]
 [ -0.8824969   -0.92311635  -0.95599748  -0.98019867  -0.99501248
  206.07969763  -0.99501248  -0.98019867  -0.95599748]
 [ -0.83527021  -0.8824969   -0.92311635  -0.95599748  -0.98019867
   -0.99501248 213.82357598  -0.99501248  -0.98019867]
 [ -0.78270454  -0.83527021  -0.8824969   -0.92311635  -0.95599748
   -0.98019867  -0.99501248 220.64363085  -0.99501248]
 [ -0.72614904  -0.78270454  -0.83527021  -0.8824969   -0.92311635
   -0.95599748  -0.98019867  -0.99501248 226.4923585 ]]
2025-02-16 12:47:32,885 - INFO - Thoi gian: 14.90775990486145 giay
2025-02-16 12:47:32,885 - INFO - Thoi gian ma tran W: 0.3961455821990967 giay
2025-02-16 12:47:32,885 - INFO - file name: resized_image_55x55.png
2025-02-16 12:47:32,885 - INFO - Lan thu: 1
2025-02-16 12:47:32,887 - INFO - Kich thuoc anh: 55x55x3
2025-02-16 12:47:32,887 - INFO - Kich thuoc dac trung mau: (3025, 3), Kich thuoc toa do: (3025, 2)
2025-02-16 12:47:33,241 - INFO - Kich thuoc ma tran trong so (W): (3025, 3025)
2025-02-16 12:47:33,427 - INFO - Thoi gian xu ly (song song hoa): 0.1860 giay
2025-02-16 12:47:33,536 - INFO - Kich thuoc ma tran duong cheo (D): (3025, 3025)
2025-02-16 12:47:33,537 - INFO - Mau cua D (9 phan tu dau):
[162.00953979 173.63918439 184.90983323 195.68865003 205.85265425
 215.29194834 223.91237818 231.63753678 238.41006485]
2025-02-16 12:47:33,537 - INFO - Kich thuoc ma tran Laplace (L): (3025, 3025)
2025-02-16 12:47:33,537 - INFO - Mau cua L (9x9 phan tu dau):
[[161.00953979  -0.99501248  -0.98019867  -0.95599748  -0.92311635
   -0.8824969   -0.83527021  -0.78270454  -0.72614904]
 [ -0.99501248 172.63918439  -0.99501248  -0.98019867  -0.95599748
   -0.92311635  -0.8824969   -0.83527021  -0.78270454]
 [ -0.98019867  -0.99501248 183.90983323  -0.99501248  -0.98019867
   -0.95599748  -0.92311635  -0.8824969   -0.83527021]
 [ -0.95599748  -0.98019867  -0.99501248 194.68865003  -0.99501248
   -0.98019867  -0.95599748  -0.92311635  -0.8824969 ]
 [ -0.92311635  -0.95599748  -0.98019867  -0.99501248 204.85265425
   -0.99501248  -0.98019867  -0.95599748  -0.92311635]
 [ -0.8824969   -0.92311635  -0.95599748  -0.98019867  -0.99501248
  214.29194834  -0.99501248  -0.98019867  -0.95599748]
 [ -0.83527021  -0.8824969   -0.92311635  -0.95599748  -0.98019867
   -0.99501248 222.91237818  -0.99501248  -0.98019867]
 [ -0.78270454  -0.83527021  -0.8824969   -0.92311635  -0.95599748
   -0.98019867  -0.99501248 230.63753678  -0.99501248]
 [ -0.72614904  -0.78270454  -0.83527021  -0.8824969   -0.92311635
   -0.95599748  -0.98019867  -0.99501248 237.41006485]]
2025-02-16 12:47:56,515 - INFO - Thoi gian: 23.62968945503235 giay
2025-02-16 12:47:56,515 - INFO - Thoi gian ma tran W: 0.5524823665618896 giay
2025-02-16 12:47:56,515 - INFO - file name: resized_image_60x60.png
2025-02-16 12:47:56,515 - INFO - Lan thu: 1
2025-02-16 12:47:56,517 - INFO - Kich thuoc anh: 60x60x3
2025-02-16 12:47:56,517 - INFO - Kich thuoc dac trung mau: (3600, 3), Kich thuoc toa do: (3600, 2)
2025-02-16 12:47:57,012 - INFO - Kich thuoc ma tran trong so (W): (3600, 3600)
2025-02-16 12:47:57,286 - INFO - Thoi gian xu ly (song song hoa): 0.2739 giay
2025-02-16 12:47:57,432 - INFO - Kich thuoc ma tran duong cheo (D): (3600, 3600)
2025-02-16 12:47:57,432 - INFO - Mau cua D (9 phan tu dau):
[165.1264778  177.25179481 189.07127635 200.45357968 211.27658208
 221.43049307 230.82038979 239.36808507 247.0132831 ]
2025-02-16 12:47:57,432 - INFO - Kich thuoc ma tran Laplace (L): (3600, 3600)
2025-02-16 12:47:57,432 - INFO - Mau cua L (9x9 phan tu dau):
[[164.1264778   -0.99501248  -0.98019867  -0.95599748  -0.92311635
   -0.8824969   -0.83527021  -0.78270454  -0.72614904]
 [ -0.99501248 176.25179481  -0.99501248  -0.98019867  -0.95599748
   -0.92311635  -0.8824969   -0.83527021  -0.78270454]
 [ -0.98019867  -0.99501248 188.07127635  -0.99501248  -0.98019867
   -0.95599748  -0.92311635  -0.8824969   -0.83527021]
 [ -0.95599748  -0.98019867  -0.99501248 199.45357968  -0.99501248
   -0.98019867  -0.95599748  -0.92311635  -0.8824969 ]
 [ -0.92311635  -0.95599748  -0.98019867  -0.99501248 210.27658208
   -0.99501248  -0.98019867  -0.95599748  -0.92311635]
 [ -0.8824969   -0.92311635  -0.95599748  -0.98019867  -0.99501248
  220.43049307  -0.99501248  -0.98019867  -0.95599748]
 [ -0.83527021  -0.8824969   -0.92311635  -0.95599748  -0.98019867
   -0.99501248 229.82038979  -0.99501248  -0.98019867]
 [ -0.78270454  -0.83527021  -0.8824969   -0.92311635  -0.95599748
   -0.98019867  -0.99501248 238.36808507  -0.99501248]
 [ -0.72614904  -0.78270454  -0.83527021  -0.8824969   -0.92311635
   -0.95599748  -0.98019867  -0.99501248 246.0132831 ]]
2025-02-16 12:48:53,852 - INFO - Thoi gian: 57.33664655685425 giay
2025-02-16 12:48:53,852 - INFO - Thoi gian ma tran W: 0.78564453125 giay
2025-02-16 12:48:53,852 - INFO - file name: resized_image_65x65.png
2025-02-16 12:48:53,852 - INFO - Lan thu: 1
2025-02-16 12:48:53,854 - INFO - Kich thuoc anh: 65x65x3
2025-02-16 12:48:53,854 - INFO - Kich thuoc dac trung mau: (4225, 3), Kich thuoc toa do: (4225, 2)
2025-02-16 12:48:54,526 - INFO - Kich thuoc ma tran trong so (W): (4225, 4225)
2025-02-16 12:48:54,892 - INFO - Thoi gian xu ly (song song hoa): 0.3656 giay
2025-02-16 12:48:55,115 - INFO - Kich thuoc ma tran duong cheo (D): (4225, 4225)
2025-02-16 12:48:55,115 - INFO - Mau cua D (9 phan tu dau):
[166.92113603 179.33951427 191.48478532 203.22679813 214.44431521
 225.0280779  234.88329089 243.93143378 252.1113524 ]
2025-02-16 12:48:55,115 - INFO - Kich thuoc ma tran Laplace (L): (4225, 4225)
2025-02-16 12:48:55,115 - INFO - Mau cua L (9x9 phan tu dau):
[[165.92113603  -0.99501248  -0.98019867  -0.95599748  -0.92311635
   -0.8824969   -0.83527021  -0.78270454  -0.72614904]
 [ -0.99501248 178.33951427  -0.99501248  -0.98019867  -0.95599748
   -0.92311635  -0.8824969   -0.83527021  -0.78270454]
 [ -0.98019867  -0.99501248 190.48478532  -0.99501248  -0.98019867
   -0.95599748  -0.92311635  -0.8824969   -0.83527021]
 [ -0.95599748  -0.98019867  -0.99501248 202.22679813  -0.99501248
   -0.98019867  -0.95599748  -0.92311635  -0.8824969 ]
 [ -0.92311635  -0.95599748  -0.98019867  -0.99501248 213.44431521
   -0.99501248  -0.98019867  -0.95599748  -0.92311635]
 [ -0.8824969   -0.92311635  -0.95599748  -0.98019867  -0.99501248
  224.0280779   -0.99501248  -0.98019867  -0.95599748]
 [ -0.83527021  -0.8824969   -0.92311635  -0.95599748  -0.98019867
   -0.99501248 233.88329089  -0.99501248  -0.98019867]
 [ -0.78270454  -0.83527021  -0.8824969   -0.92311635  -0.95599748
   -0.98019867  -0.99501248 242.93143378  -0.99501248]
 [ -0.72614904  -0.78270454  -0.83527021  -0.8824969   -0.92311635
   -0.95599748  -0.98019867  -0.99501248 251.1113524 ]]
2025-02-16 12:49:42,033 - INFO - Thoi gian: 48.181249380111694 giay
2025-02-16 12:49:42,033 - INFO - Thoi gian ma tran W: 1.0612823963165283 giay
2025-02-16 12:49:42,034 - INFO - file name: resized_image_70x70.png
2025-02-16 12:49:42,034 - INFO - Lan thu: 1
2025-02-16 12:49:42,035 - INFO - Kich thuoc anh: 70x70x3
2025-02-16 12:49:42,036 - INFO - Kich thuoc dac trung mau: (4900, 3), Kich thuoc toa do: (4900, 2)
2025-02-16 12:49:42,927 - INFO - Kich thuoc ma tran trong so (W): (4900, 4900)
2025-02-16 12:49:43,440 - INFO - Thoi gian xu ly (song song hoa): 0.5127 giay
2025-02-16 12:49:43,716 - INFO - Kich thuoc ma tran duong cheo (D): (4900, 4900)
2025-02-16 12:49:43,716 - INFO - Mau cua D (9 phan tu dau):
[168.19973952 180.84359727 193.24368895 205.2719153  216.80899291
 227.74748383 237.99424073 247.47217381 256.12129099]
2025-02-16 12:49:43,717 - INFO - Kich thuoc ma tran Laplace (L): (4900, 4900)
2025-02-16 12:49:43,717 - INFO - Mau cua L (9x9 phan tu dau):
[[167.19973952  -0.99501248  -0.98019867  -0.95599748  -0.92311635
   -0.8824969   -0.83527021  -0.78270454  -0.72614904]
 [ -0.99501248 179.84359727  -0.99501248  -0.98019867  -0.95599748
   -0.92311635  -0.8824969   -0.83527021  -0.78270454]
 [ -0.98019867  -0.99501248 192.24368895  -0.99501248  -0.98019867
   -0.95599748  -0.92311635  -0.8824969   -0.83527021]
 [ -0.95599748  -0.98019867  -0.99501248 204.2719153   -0.99501248
   -0.98019867  -0.95599748  -0.92311635  -0.8824969 ]
 [ -0.92311635  -0.95599748  -0.98019867  -0.99501248 215.80899291
   -0.99501248  -0.98019867  -0.95599748  -0.92311635]
 [ -0.8824969   -0.92311635  -0.95599748  -0.98019867  -0.99501248
  226.74748383  -0.99501248  -0.98019867  -0.95599748]
 [ -0.83527021  -0.8824969   -0.92311635  -0.95599748  -0.98019867
   -0.99501248 236.99424073  -0.99501248  -0.98019867]
 [ -0.78270454  -0.83527021  -0.8824969   -0.92311635  -0.95599748
   -0.98019867  -0.99501248 246.47217381  -0.99501248]
 [ -0.72614904  -0.78270454  -0.83527021  -0.8824969   -0.92311635
   -0.95599748  -0.98019867  -0.99501248 255.12129099]]
2025-02-16 12:50:48,901 - INFO - Thoi gian: 66.8668143749237 giay
2025-02-16 12:50:48,901 - INFO - Thoi gian ma tran W: 1.43672776222229 giay
2025-02-16 12:50:48,901 - INFO - file name: resized_image_50x50.png
2025-02-16 12:50:48,901 - INFO - Lan thu: 2
2025-02-16 12:50:48,903 - INFO - Kich thuoc anh: 50x50x3
2025-02-16 12:50:48,903 - INFO - Kich thuoc dac trung mau: (2500, 3), Kich thuoc toa do: (2500, 2)
2025-02-16 12:50:49,165 - INFO - Kich thuoc ma tran trong so (W): (2500, 2500)
2025-02-16 12:50:49,301 - INFO - Thoi gian xu ly (song song hoa): 0.1240 giay
2025-02-16 12:50:49,373 - INFO - Kich thuoc ma tran duong cheo (D): (2500, 2500)
2025-02-16 12:50:49,373 - INFO - Mau cua D (9 phan tu dau):
[157.52426934 168.50996396 179.08314809 189.11310997 198.48030178
 207.07969763 214.82357598 221.64363085 227.4923585 ]
2025-02-16 12:50:49,373 - INFO - Kich thuoc ma tran Laplace (L): (2500, 2500)
2025-02-16 12:50:49,374 - INFO - Mau cua L (9x9 phan tu dau):
[[156.52426934  -0.99501248  -0.98019867  -0.95599748  -0.92311635
   -0.8824969   -0.83527021  -0.78270454  -0.72614904]
 [ -0.99501248 167.50996396  -0.99501248  -0.98019867  -0.95599748
   -0.92311635  -0.8824969   -0.83527021  -0.78270454]
 [ -0.98019867  -0.99501248 178.08314809  -0.99501248  -0.98019867
   -0.95599748  -0.92311635  -0.8824969   -0.83527021]
 [ -0.95599748  -0.98019867  -0.99501248 188.11310997  -0.99501248
   -0.98019867  -0.95599748  -0.92311635  -0.8824969 ]
 [ -0.92311635  -0.95599748  -0.98019867  -0.99501248 197.48030178
   -0.99501248  -0.98019867  -0.95599748  -0.92311635]
 [ -0.8824969   -0.92311635  -0.95599748  -0.98019867  -0.99501248
  206.07969763  -0.99501248  -0.98019867  -0.95599748]
 [ -0.83527021  -0.8824969   -0.92311635  -0.95599748  -0.98019867
   -0.99501248 213.82357598  -0.99501248  -0.98019867]
 [ -0.78270454  -0.83527021  -0.8824969   -0.92311635  -0.95599748
   -0.98019867  -0.99501248 220.64363085  -0.99501248]
 [ -0.72614904  -0.78270454  -0.83527021  -0.8824969   -0.92311635
   -0.95599748  -0.98019867  -0.99501248 226.4923585 ]]
2025-02-16 12:51:03,371 - INFO - Thoi gian: 14.469641208648682 giay
2025-02-16 12:51:03,371 - INFO - Thoi gian ma tran W: 0.40660667419433594 giay
2025-02-16 12:51:03,371 - INFO - file name: resized_image_55x55.png
2025-02-16 12:51:03,371 - INFO - Lan thu: 2
2025-02-16 12:51:03,373 - INFO - Kich thuoc anh: 55x55x3
2025-02-16 12:51:03,373 - INFO - Kich thuoc dac trung mau: (3025, 3), Kich thuoc toa do: (3025, 2)
2025-02-16 12:51:03,737 - INFO - Kich thuoc ma tran trong so (W): (3025, 3025)
2025-02-16 12:51:03,925 - INFO - Thoi gian xu ly (song song hoa): 0.1874 giay
2025-02-16 12:51:04,032 - INFO - Kich thuoc ma tran duong cheo (D): (3025, 3025)
2025-02-16 12:51:04,032 - INFO - Mau cua D (9 phan tu dau):
[162.00953979 173.63918439 184.90983323 195.68865003 205.85265425
 215.29194834 223.91237818 231.63753678 238.41006485]
2025-02-16 12:51:04,032 - INFO - Kich thuoc ma tran Laplace (L): (3025, 3025)
2025-02-16 12:51:04,032 - INFO - Mau cua L (9x9 phan tu dau):
[[161.00953979  -0.99501248  -0.98019867  -0.95599748  -0.92311635
   -0.8824969   -0.83527021  -0.78270454  -0.72614904]
 [ -0.99501248 172.63918439  -0.99501248  -0.98019867  -0.95599748
   -0.92311635  -0.8824969   -0.83527021  -0.78270454]
 [ -0.98019867  -0.99501248 183.90983323  -0.99501248  -0.98019867
   -0.95599748  -0.92311635  -0.8824969   -0.83527021]
 [ -0.95599748  -0.98019867  -0.99501248 194.68865003  -0.99501248
   -0.98019867  -0.95599748  -0.92311635  -0.8824969 ]
 [ -0.92311635  -0.95599748  -0.98019867  -0.99501248 204.85265425
   -0.99501248  -0.98019867  -0.95599748  -0.92311635]
 [ -0.8824969   -0.92311635  -0.95599748  -0.98019867  -0.99501248
  214.29194834  -0.99501248  -0.98019867  -0.95599748]
 [ -0.83527021  -0.8824969   -0.92311635  -0.95599748  -0.98019867
   -0.99501248 222.91237818  -0.99501248  -0.98019867]
 [ -0.78270454  -0.83527021  -0.8824969   -0.92311635  -0.95599748
   -0.98019867  -0.99501248 230.63753678  -0.99501248]
 [ -0.72614904  -0.78270454  -0.83527021  -0.8824969   -0.92311635
   -0.95599748  -0.98019867  -0.99501248 237.41006485]]
2025-02-16 12:51:23,307 - INFO - Thoi gian: 19.93618679046631 giay
2025-02-16 12:51:23,307 - INFO - Thoi gian ma tran W: 0.564345121383667 giay
2025-02-16 12:51:23,308 - INFO - file name: resized_image_60x60.png
2025-02-16 12:51:23,308 - INFO - Lan thu: 2
2025-02-16 12:51:23,310 - INFO - Kich thuoc anh: 60x60x3
2025-02-16 12:51:23,310 - INFO - Kich thuoc dac trung mau: (3600, 3), Kich thuoc toa do: (3600, 2)
2025-02-16 12:51:23,846 - INFO - Kich thuoc ma tran trong so (W): (3600, 3600)
2025-02-16 12:51:24,148 - INFO - Thoi gian xu ly (song song hoa): 0.3014 giay
2025-02-16 12:51:24,297 - INFO - Kich thuoc ma tran duong cheo (D): (3600, 3600)
2025-02-16 12:51:24,297 - INFO - Mau cua D (9 phan tu dau):
[165.1264778  177.25179481 189.07127635 200.45357968 211.27658208
 221.43049307 230.82038979 239.36808507 247.0132831 ]
2025-02-16 12:51:24,297 - INFO - Kich thuoc ma tran Laplace (L): (3600, 3600)
2025-02-16 12:51:24,297 - INFO - Mau cua L (9x9 phan tu dau):
[[164.1264778   -0.99501248  -0.98019867  -0.95599748  -0.92311635
   -0.8824969   -0.83527021  -0.78270454  -0.72614904]
 [ -0.99501248 176.25179481  -0.99501248  -0.98019867  -0.95599748
   -0.92311635  -0.8824969   -0.83527021  -0.78270454]
 [ -0.98019867  -0.99501248 188.07127635  -0.99501248  -0.98019867
   -0.95599748  -0.92311635  -0.8824969   -0.83527021]
 [ -0.95599748  -0.98019867  -0.99501248 199.45357968  -0.99501248
   -0.98019867  -0.95599748  -0.92311635  -0.8824969 ]
 [ -0.92311635  -0.95599748  -0.98019867  -0.99501248 210.27658208
   -0.99501248  -0.98019867  -0.95599748  -0.92311635]
 [ -0.8824969   -0.92311635  -0.95599748  -0.98019867  -0.99501248
  220.43049307  -0.99501248  -0.98019867  -0.95599748]
 [ -0.83527021  -0.8824969   -0.92311635  -0.95599748  -0.98019867
   -0.99501248 229.82038979  -0.99501248  -0.98019867]
 [ -0.78270454  -0.83527021  -0.8824969   -0.92311635  -0.95599748
   -0.98019867  -0.99501248 238.36808507  -0.99501248]
 [ -0.72614904  -0.78270454  -0.83527021  -0.8824969   -0.92311635
   -0.95599748  -0.98019867  -0.99501248 246.0132831 ]]
2025-02-16 12:52:12,745 - INFO - Thoi gian: 49.43697500228882 giay
2025-02-16 12:52:12,745 - INFO - Thoi gian ma tran W: 0.8550047874450684 giay
2025-02-16 12:52:12,745 - INFO - file name: resized_image_65x65.png
2025-02-16 12:52:12,745 - INFO - Lan thu: 2
2025-02-16 12:52:12,747 - INFO - Kich thuoc anh: 65x65x3
2025-02-16 12:52:12,747 - INFO - Kich thuoc dac trung mau: (4225, 3), Kich thuoc toa do: (4225, 2)
2025-02-16 12:52:13,413 - INFO - Kich thuoc ma tran trong so (W): (4225, 4225)
2025-02-16 12:52:13,907 - INFO - Thoi gian xu ly (song song hoa): 0.4946 giay
2025-02-16 12:52:14,118 - INFO - Kich thuoc ma tran duong cheo (D): (4225, 4225)
2025-02-16 12:52:14,118 - INFO - Mau cua D (9 phan tu dau):
[166.92113603 179.33951427 191.48478532 203.22679813 214.44431521
 225.0280779  234.88329089 243.93143378 252.1113524 ]
2025-02-16 12:52:14,118 - INFO - Kich thuoc ma tran Laplace (L): (4225, 4225)
2025-02-16 12:52:14,118 - INFO - Mau cua L (9x9 phan tu dau):
[[165.92113603  -0.99501248  -0.98019867  -0.95599748  -0.92311635
   -0.8824969   -0.83527021  -0.78270454  -0.72614904]
 [ -0.99501248 178.33951427  -0.99501248  -0.98019867  -0.95599748
   -0.92311635  -0.8824969   -0.83527021  -0.78270454]
 [ -0.98019867  -0.99501248 190.48478532  -0.99501248  -0.98019867
   -0.95599748  -0.92311635  -0.8824969   -0.83527021]
 [ -0.95599748  -0.98019867  -0.99501248 202.22679813  -0.99501248
   -0.98019867  -0.95599748  -0.92311635  -0.8824969 ]
 [ -0.92311635  -0.95599748  -0.98019867  -0.99501248 213.44431521
   -0.99501248  -0.98019867  -0.95599748  -0.92311635]
 [ -0.8824969   -0.92311635  -0.95599748  -0.98019867  -0.99501248
  224.0280779   -0.99501248  -0.98019867  -0.95599748]
 [ -0.83527021  -0.8824969   -0.92311635  -0.95599748  -0.98019867
   -0.99501248 233.88329089  -0.99501248  -0.98019867]
 [ -0.78270454  -0.83527021  -0.8824969   -0.92311635  -0.95599748
   -0.98019867  -0.99501248 242.93143378  -0.99501248]
 [ -0.72614904  -0.78270454  -0.83527021  -0.8824969   -0.92311635
   -0.95599748  -0.98019867  -0.99501248 251.1113524 ]]
2025-02-16 12:53:02,474 - INFO - Thoi gian: 49.72923493385315 giay
2025-02-16 12:53:02,474 - INFO - Thoi gian ma tran W: 1.1839988231658936 giay
2025-02-16 12:53:02,475 - INFO - file name: resized_image_70x70.png
2025-02-16 12:53:02,475 - INFO - Lan thu: 2
2025-02-16 12:53:02,477 - INFO - Kich thuoc anh: 70x70x3
2025-02-16 12:53:02,477 - INFO - Kich thuoc dac trung mau: (4900, 3), Kich thuoc toa do: (4900, 2)
2025-02-16 12:53:03,427 - INFO - Kich thuoc ma tran trong so (W): (4900, 4900)
2025-02-16 12:53:04,043 - INFO - Thoi gian xu ly (song song hoa): 0.6157 giay
2025-02-16 12:53:04,342 - INFO - Kich thuoc ma tran duong cheo (D): (4900, 4900)
2025-02-16 12:53:04,342 - INFO - Mau cua D (9 phan tu dau):
[168.19973952 180.84359727 193.24368895 205.2719153  216.80899291
 227.74748383 237.99424073 247.47217381 256.12129099]
2025-02-16 12:53:04,342 - INFO - Kich thuoc ma tran Laplace (L): (4900, 4900)
2025-02-16 12:53:04,343 - INFO - Mau cua L (9x9 phan tu dau):
[[167.19973952  -0.99501248  -0.98019867  -0.95599748  -0.92311635
   -0.8824969   -0.83527021  -0.78270454  -0.72614904]
 [ -0.99501248 179.84359727  -0.99501248  -0.98019867  -0.95599748
   -0.92311635  -0.8824969   -0.83527021  -0.78270454]
 [ -0.98019867  -0.99501248 192.24368895  -0.99501248  -0.98019867
   -0.95599748  -0.92311635  -0.8824969   -0.83527021]
 [ -0.95599748  -0.98019867  -0.99501248 204.2719153   -0.99501248
   -0.98019867  -0.95599748  -0.92311635  -0.8824969 ]
 [ -0.92311635  -0.95599748  -0.98019867  -0.99501248 215.80899291
   -0.99501248  -0.98019867  -0.95599748  -0.92311635]
 [ -0.8824969   -0.92311635  -0.95599748  -0.98019867  -0.99501248
  226.74748383  -0.99501248  -0.98019867  -0.95599748]
 [ -0.83527021  -0.8824969   -0.92311635  -0.95599748  -0.98019867
   -0.99501248 236.99424073  -0.99501248  -0.98019867]
 [ -0.78270454  -0.83527021  -0.8824969   -0.92311635  -0.95599748
   -0.98019867  -0.99501248 246.47217381  -0.99501248]
 [ -0.72614904  -0.78270454  -0.83527021  -0.8824969   -0.92311635
   -0.95599748  -0.98019867  -0.99501248 255.12129099]]
2025-02-16 12:54:05,218 - INFO - Thoi gian: 62.74368906021118 giay
2025-02-16 12:54:05,218 - INFO - Thoi gian ma tran W: 1.6016972064971924 giay
