2025-02-10 22:20:45,339 - INFO - file name: 10081.jpg
2025-02-10 22:20:45,339 - INFO - Lan thu: 0
2025-02-10 22:20:45,348 - INFO - Kich thuoc anh: 40x60x3
2025-02-10 22:20:45,348 - INFO - Kich thuoc dac trung mau: (2400, 3), Kich thuoc toa do: (2400, 2)
2025-02-10 22:20:45,349 - INFO - Dac trung mau:
[[0.52156863 0.61960784 0.77647059]
 [0.52156863 0.61960784 0.77647059]
 [0.52156863 0.62352941 0.76862745]
 [0.52156863 0.62352941 0.76862745]
 [0.5254902  0.62745098 0.77254902]
 [0.5254902  0.62745098 0.77254902]
 [0.52941176 0.63137255 0.76862745]
 [0.52941176 0.63137255 0.76862745]
 [0.52941176 0.63137255 0.76862745]]
2025-02-10 22:20:45,363 - INFO - Toa do:
[[0 0]
 [1 0]
 [2 0]
 [3 0]
 [4 0]
 [5 0]
 [6 0]
 [7 0]
 [8 0]]
2025-02-10 22:20:45,528 - INFO - Kich thuoc ma tran trong so (W): (2400, 2400)
2025-02-10 22:20:45,528 - INFO - Kich thuoc ma tran dac trung mau: (2400, 2400), Kich thuoc ma tran toa do: (2400, 2400)
2025-02-10 22:20:45,528 - INFO - Mau cua W_features (9x9 phan tu dau):
[[1.         1.         0.99616271 0.99616271 0.99539702 0.99539702
  0.98701317 0.98701317 0.98701317]
 [1.         1.         0.99616271 0.99616271 0.99539702 0.99539702
  0.98701317 0.98701317 0.98701317]
 [0.99616271 0.99616271 1.         1.         0.99769585 0.99769585
  0.9938674  0.9938674  0.9938674 ]
 [0.99616271 0.99616271 1.         1.         0.99769585 0.99769585
  0.9938674  0.9938674  0.9938674 ]
 [0.99539702 0.99539702 0.99769585 0.99769585 1.         1.
  0.99769585 0.99769585 0.99769585]
 [0.99539702 0.99539702 0.99769585 0.99769585 1.         1.
  0.99769585 0.99769585 0.99769585]
 [0.98701317 0.98701317 0.9938674  0.9938674  0.99769585 0.99769585
  1.         1.         1.        ]
 [0.98701317 0.98701317 0.9938674  0.9938674  0.99769585 0.99769585
  1.         1.         1.        ]
 [0.98701317 0.98701317 0.9938674  0.9938674  0.99769585 0.99769585
  1.         1.         1.        ]]
2025-02-10 22:20:45,529 - INFO - Mau cua W_coords (9x9 phan tu dau):
[[1.         0.99501248 0.98019867 0.95599748 0.92311635 0.8824969
  0.83527021 0.78270454 0.72614904]
 [0.99501248 1.         0.99501248 0.98019867 0.95599748 0.92311635
  0.8824969  0.83527021 0.78270454]
 [0.98019867 0.99501248 1.         0.99501248 0.98019867 0.95599748
  0.92311635 0.8824969  0.83527021]
 [0.95599748 0.98019867 0.99501248 1.         0.99501248 0.98019867
  0.95599748 0.92311635 0.8824969 ]
 [0.92311635 0.95599748 0.98019867 0.99501248 1.         0.99501248
  0.98019867 0.95599748 0.92311635]
 [0.8824969  0.92311635 0.95599748 0.98019867 0.99501248 1.
  0.99501248 0.98019867 0.95599748]
 [0.83527021 0.8824969  0.92311635 0.95599748 0.98019867 0.99501248
  1.         0.99501248 0.98019867]
 [0.78270454 0.83527021 0.8824969  0.92311635 0.95599748 0.98019867
  0.99501248 1.         0.99501248]
 [0.72614904 0.78270454 0.83527021 0.8824969  0.92311635 0.95599748
  0.98019867 0.99501248 1.        ]]
2025-02-10 22:20:45,529 - INFO - Mau cua W (9x9 phan tu dau):
[[1.         0.99501248 0.97643736 0.95232904 0.91886726 0.87843478
  0.8244227  0.77253969 0.71671866]
 [0.99501248 1.         0.99119432 0.97643736 0.95159704 0.91886726
  0.87103607 0.8244227  0.77253969]
 [0.97643736 0.99119432 1.         0.99501248 0.97794015 0.95379472
  0.91745524 0.8770849  0.83014783]
 [0.95232904 0.97643736 0.99501248 1.         0.99271982 0.97794015
  0.95013473 0.91745524 0.8770849 ]
 [0.91886726 0.95159704 0.97794015 0.99271982 1.         0.99501248
  0.97794015 0.95379472 0.92098935]
 [0.87843478 0.91886726 0.95379472 0.97794015 0.99501248 1.
  0.99271982 0.97794015 0.95379472]
 [0.8244227  0.87103607 0.91745524 0.95013473 0.97794015 0.99271982
  1.         0.99501248 0.98019867]
 [0.77253969 0.8244227  0.8770849  0.91745524 0.95379472 0.97794015
  0.99501248 1.         0.99501248]
 [0.71671866 0.77253969 0.83014783 0.8770849  0.92098935 0.95379472
  0.98019867 0.99501248 1.        ]]
2025-02-10 22:20:45,648 - INFO - Th\u1eddi gian x\u1eed lý (không song song): 0.1183 giây
2025-02-10 22:20:45,648 - INFO - Kich thuoc ma tran thua (COO): (2400, 2400)
2025-02-10 22:20:45,648 - INFO - Mau cua ma tran thua (COO) [du lieu, hang, cot]:
[1.         0.99501248 0.97643736 0.95232904 0.91886726 0.87843478
 0.8244227  0.77253969 0.71671866], [0 0 0 0 0 0 0 0 0], [0 1 2 3 4 5 6 7 8]
2025-02-10 22:20:45,712 - INFO - Kich thuoc ma tran duong cheo (D): (2400, 2400)
2025-02-10 22:20:45,713 - INFO - Mau cua D (9 phan tu dau):
[102.97607461 110.58158857 116.34790318 123.4497014  136.27382285
 143.03593283 151.02618417 156.97597484 162.42983896]
2025-02-10 22:20:45,713 - INFO - Kich thuoc ma tran Laplace (L): (2400, 2400)
2025-02-10 22:20:45,713 - INFO - Mau cua L (9x9 phan tu dau):
[[101.97607461  -0.99501248  -0.97643736  -0.95232904  -0.91886726
   -0.87843478  -0.8244227   -0.77253969  -0.71671866]
 [ -0.99501248 109.58158857  -0.99119432  -0.97643736  -0.95159704
   -0.91886726  -0.87103607  -0.8244227   -0.77253969]
 [ -0.97643736  -0.99119432 115.34790318  -0.99501248  -0.97794015
   -0.95379472  -0.91745524  -0.8770849   -0.83014783]
 [ -0.95232904  -0.97643736  -0.99501248 122.4497014   -0.99271982
   -0.97794015  -0.95013473  -0.91745524  -0.8770849 ]
 [ -0.91886726  -0.95159704  -0.97794015  -0.99271982 135.27382285
   -0.99501248  -0.97794015  -0.95379472  -0.92098935]
 [ -0.87843478  -0.91886726  -0.95379472  -0.97794015  -0.99501248
  142.03593283  -0.99271982  -0.97794015  -0.95379472]
 [ -0.8244227   -0.87103607  -0.91745524  -0.95013473  -0.97794015
   -0.99271982 150.02618417  -0.99501248  -0.98019867]
 [ -0.77253969  -0.8244227   -0.8770849   -0.91745524  -0.95379472
   -0.97794015  -0.99501248 155.97597484  -0.99501248]
 [ -0.71671866  -0.77253969  -0.83014783  -0.8770849   -0.92098935
   -0.95379472  -0.98019867  -0.99501248 161.42983896]]
2025-02-10 22:20:47,152 - INFO - Thoi gian: 1.8125343322753906 giay
2025-02-10 22:20:47,152 - INFO - Thoi gian ma tran W: 0.30569982528686523 giay
2025-02-10 22:20:47,163 - INFO - file name: 14085.jpg
2025-02-10 22:20:47,163 - INFO - Lan thu: 0
2025-02-10 22:20:47,164 - INFO - Kich thuoc anh: 40x60x3
2025-02-10 22:20:47,165 - INFO - Kich thuoc dac trung mau: (2400, 3), Kich thuoc toa do: (2400, 2)
2025-02-10 22:20:47,165 - INFO - Dac trung mau:
[[0.72156863 0.57254902 0.29411765]
 [0.72941176 0.58823529 0.29803922]
 [0.70588235 0.58431373 0.2627451 ]
 [0.61960784 0.5254902  0.18823529]
 [0.58039216 0.50980392 0.17254902]
 [0.4627451  0.41960784 0.10588235]
 [0.48627451 0.44705882 0.20784314]
 [0.31764706 0.29019608 0.1254902 ]
 [0.21568627 0.19607843 0.11764706]]
2025-02-10 22:20:47,165 - INFO - Toa do:
[[0 0]
 [1 0]
 [2 0]
 [3 0]
 [4 0]
 [5 0]
 [6 0]
 [7 0]
 [8 0]]
2025-02-10 22:20:47,334 - INFO - Kich thuoc ma tran trong so (W): (2400, 2400)
2025-02-10 22:20:47,334 - INFO - Kich thuoc ma tran dac trung mau: (2400, 2400), Kich thuoc ma tran toa do: (2400, 2400)
2025-02-10 22:20:47,334 - INFO - Mau cua W_features (9x9 phan tu dau):
[[1.00000000e+00 9.83982039e-01 9.33853956e-01 3.03892775e-01
  1.44809858e-01 1.85354096e-03 1.96885091e-02 1.28397258e-06
  4.88614947e-10]
 [9.83982039e-01 1.00000000e+00 9.13260302e-01 2.45972021e-01
  1.10216832e-01 1.08787458e-03 1.27899873e-02 5.53205905e-07
  1.67153139e-10]
 [9.33853956e-01 9.13260302e-01 1.00000000e+00 4.39217530e-01
  2.29525387e-01 3.91678678e-03 3.00757251e-02 2.75102469e-06
  1.12710437e-09]
 [3.03892775e-01 2.45972021e-01 4.39217530e-01 1.00000000e+00
  9.03481700e-01 1.18843234e-01 2.96506460e-01 5.39952589e-04
  9.83279755e-07]
 [1.44809858e-01 1.10216832e-01 2.29525387e-01 9.03481700e-01
  1.00000000e+00 2.66860195e-01 4.95574453e-01 2.54441070e-03
  8.10998568e-06]
 [1.85354096e-03 1.08787458e-03 3.91678678e-03 1.18843234e-01
  2.66860195e-01 1.00000000e+00 5.57016980e-01 1.48189167e-01
  3.85997943e-03]
 [1.96885091e-02 1.27899873e-02 3.00757251e-02 2.96506460e-01
  4.95574453e-01 5.57016980e-01 1.00000000e+00 5.02292754e-02
  7.33836619e-04]
 [1.28397258e-06 5.53205905e-07 2.75102469e-06 5.39952589e-04
  2.54441070e-03 1.48189167e-01 5.02292754e-02 1.00000000e+00
  3.80685238e-01]
 [4.88614947e-10 1.67153139e-10 1.12710437e-09 9.83279755e-07
  8.10998568e-06 3.85997943e-03 7.33836619e-04 3.80685238e-01
  1.00000000e+00]]
2025-02-10 22:20:47,335 - INFO - Mau cua W_coords (9x9 phan tu dau):
[[1.         0.99501248 0.98019867 0.95599748 0.92311635 0.8824969
  0.83527021 0.78270454 0.72614904]
 [0.99501248 1.         0.99501248 0.98019867 0.95599748 0.92311635
  0.8824969  0.83527021 0.78270454]
 [0.98019867 0.99501248 1.         0.99501248 0.98019867 0.95599748
  0.92311635 0.8824969  0.83527021]
 [0.95599748 0.98019867 0.99501248 1.         0.99501248 0.98019867
  0.95599748 0.92311635 0.8824969 ]
 [0.92311635 0.95599748 0.98019867 0.99501248 1.         0.99501248
  0.98019867 0.95599748 0.92311635]
 [0.8824969  0.92311635 0.95599748 0.98019867 0.99501248 1.
  0.99501248 0.98019867 0.95599748]
 [0.83527021 0.8824969  0.92311635 0.95599748 0.98019867 0.99501248
  1.         0.99501248 0.98019867]
 [0.78270454 0.83527021 0.8824969  0.92311635 0.95599748 0.98019867
  0.99501248 1.         0.99501248]
 [0.72614904 0.78270454 0.83527021 0.8824969  0.92311635 0.95599748
  0.98019867 0.99501248 1.        ]]
2025-02-10 22:20:47,335 - INFO - Mau cua W (9x9 phan tu dau):
[[1.00000000e+00 9.79074408e-01 9.15362409e-01 2.90520728e-01
  1.33676347e-01 1.63574415e-03 1.64452252e-02 1.00497116e-06
  3.54807273e-10]
 [9.79074408e-01 1.00000000e+00 9.08705397e-01 2.41101449e-01
  1.05367014e-01 1.00423481e-03 1.12871242e-02 4.62076413e-07
  1.30831520e-10]
 [9.15362409e-01 9.08705397e-01 1.00000000e+00 4.37026923e-01
  2.24980480e-01 3.74443830e-03 2.77633934e-02 2.42777077e-06
  9.41436708e-10]
 [2.90520728e-01 2.41101449e-01 4.37026923e-01 1.00000000e+00
  8.98975567e-01 1.16489980e-01 2.83459429e-01 4.98439062e-04
  8.67741338e-07]
 [1.33676347e-01 1.05367014e-01 2.24980480e-01 8.98975567e-01
  1.00000000e+00 2.65529224e-01 4.85761422e-01 2.43245022e-03
  7.48646035e-06]
 [1.63574415e-03 1.00423481e-03 3.74443830e-03 1.16489980e-01
  2.65529224e-01 1.00000000e+00 5.54238847e-01 1.45254825e-01
  3.69013061e-03]
 [1.64452252e-02 1.12871242e-02 2.77633934e-02 2.83459429e-01
  4.85761422e-01 5.54238847e-01 1.00000000e+00 4.99787558e-02
  7.19305680e-04]
 [1.00497116e-06 4.62076413e-07 2.42777077e-06 4.98439062e-04
  2.43245022e-03 1.45254825e-01 4.99787558e-02 1.00000000e+00
  3.78786563e-01]
 [3.54807273e-10 1.30831520e-10 9.41436708e-10 8.67741338e-07
  7.48646035e-06 3.69013061e-03 7.19305680e-04 3.78786563e-01
  1.00000000e+00]]
2025-02-10 22:20:47,449 - INFO - Th\u1eddi gian x\u1eed lý (không song song): 0.1134 giây
2025-02-10 22:20:47,449 - INFO - Kich thuoc ma tran thua (COO): (2400, 2400)
2025-02-10 22:20:47,450 - INFO - Mau cua ma tran thua (COO) [du lieu, hang, cot]:
[1.00000000e+00 9.79074408e-01 9.15362409e-01 2.90520728e-01
 1.33676347e-01 1.63574415e-03 1.64452252e-02 1.00497116e-06
 3.54807273e-10], [0 0 0 0 0 0 0 0 0], [0 1 2 3 4 5 6 7 8]
2025-02-10 22:20:47,513 - INFO - Kich thuoc ma tran duong cheo (D): (2400, 2400)
2025-02-10 22:20:47,513 - INFO - Mau cua D (9 phan tu dau):
[30.68093165 31.91911277 35.85230354 39.43718343 40.56720859 28.98670351
 43.83890049 34.87161512 37.30861109]
2025-02-10 22:20:47,514 - INFO - Kich thuoc ma tran Laplace (L): (2400, 2400)
2025-02-10 22:20:47,514 - INFO - Mau cua L (9x9 phan tu dau):
[[ 2.96809316e+01 -9.79074408e-01 -9.15362409e-01 -2.90520728e-01
  -1.33676347e-01 -1.63574415e-03 -1.64452252e-02 -1.00497116e-06
  -3.54807273e-10]
 [-9.79074408e-01  3.09191128e+01 -9.08705397e-01 -2.41101449e-01
  -1.05367014e-01 -1.00423481e-03 -1.12871242e-02 -4.62076413e-07
  -1.30831520e-10]
 [-9.15362409e-01 -9.08705397e-01  3.48523035e+01 -4.37026923e-01
  -2.24980480e-01 -3.74443830e-03 -2.77633934e-02 -2.42777077e-06
  -9.41436708e-10]
 [-2.90520728e-01 -2.41101449e-01 -4.37026923e-01  3.84371834e+01
  -8.98975567e-01 -1.16489980e-01 -2.83459429e-01 -4.98439062e-04
  -8.67741338e-07]
 [-1.33676347e-01 -1.05367014e-01 -2.24980480e-01 -8.98975567e-01
   3.95672086e+01 -2.65529224e-01 -4.85761422e-01 -2.43245022e-03
  -7.48646035e-06]
 [-1.63574415e-03 -1.00423481e-03 -3.74443830e-03 -1.16489980e-01
  -2.65529224e-01  2.79867035e+01 -5.54238847e-01 -1.45254825e-01
  -3.69013061e-03]
 [-1.64452252e-02 -1.12871242e-02 -2.77633934e-02 -2.83459429e-01
  -4.85761422e-01 -5.54238847e-01  4.28389005e+01 -4.99787558e-02
  -7.19305680e-04]
 [-1.00497116e-06 -4.62076413e-07 -2.42777077e-06 -4.98439062e-04
  -2.43245022e-03 -1.45254825e-01 -4.99787558e-02  3.38716151e+01
  -3.78786563e-01]
 [-3.54807273e-10 -1.30831520e-10 -9.41436708e-10 -8.67741338e-07
  -7.48646035e-06 -3.69013061e-03 -7.19305680e-04 -3.78786563e-01
   3.63086111e+01]]
2025-02-10 22:20:48,418 - INFO - Thoi gian: 1.2548282146453857 giay
2025-02-10 22:20:48,418 - INFO - Thoi gian ma tran W: 0.2900118827819824 giay
2025-02-10 22:20:48,430 - INFO - file name: 14092.jpg
2025-02-10 22:20:48,430 - INFO - Lan thu: 0
2025-02-10 22:20:48,432 - INFO - Kich thuoc anh: 40x60x3
2025-02-10 22:20:48,432 - INFO - Kich thuoc dac trung mau: (2400, 3), Kich thuoc toa do: (2400, 2)
2025-02-10 22:20:48,432 - INFO - Dac trung mau:
[[0.98823529 0.94509804 0.83529412]
 [1.         0.97254902 0.8627451 ]
 [1.         0.97647059 0.87058824]
 [1.         0.98039216 0.8745098 ]
 [0.92156863 0.89411765 0.79215686]
 [0.87058824 0.84313725 0.74117647]
 [0.97647059 0.94901961 0.84705882]
 [1.         0.98823529 0.88627451]
 [0.94901961 0.90980392 0.80392157]]
2025-02-10 22:20:48,432 - INFO - Toa do:
[[0 0]
 [1 0]
 [2 0]
 [3 0]
 [4 0]
 [5 0]
 [6 0]
 [7 0]
 [8 0]]
2025-02-10 22:20:48,613 - INFO - Kich thuoc ma tran trong so (W): (2400, 2400)
2025-02-10 22:20:48,613 - INFO - Kich thuoc ma tran dac trung mau: (2400, 2400), Kich thuoc ma tran toa do: (2400, 2400)
2025-02-10 22:20:48,614 - INFO - Mau cua W_features (9x9 phan tu dau):
[[1.         0.92101768 0.88832644 0.86407332 0.64068755 0.19114018
  0.98549644 0.79460386 0.82829237]
 [0.92101768 1.         0.99616271 0.99005364 0.42135357 0.08948475
  0.9345723  0.96080421 0.60664727]
 [0.88832644 0.99616271 1.         0.99846331 0.38510149 0.07702468
  0.91115602 0.98096022 0.56304571]
 [0.86407332 0.99005364 0.99846331 1.         0.36101387 0.06937668
  0.89174834 0.99005364 0.5335407 ]
 [0.64068755 0.42135357 0.38510149 0.36101387 1.         0.6771584
  0.63626903 0.30319256 0.94468741]
 [0.19114018 0.08948475 0.07702468 0.06937668 0.6771584  1.
  0.18606468 0.05272243 0.48352919]
 [0.98549644 0.9345723  0.91115602 0.89174834 0.63626903 0.18606468
  1.         0.83404438 0.81252186]
 [0.79460386 0.96080421 0.98096022 0.99005364 0.30319256 0.05272243
  0.83404438 1.         0.45995603]
 [0.82829237 0.60664727 0.56304571 0.5335407  0.94468741 0.48352919
  0.81252186 0.45995603 1.        ]]
2025-02-10 22:20:48,614 - INFO - Mau cua W_coords (9x9 phan tu dau):
[[1.         0.99501248 0.98019867 0.95599748 0.92311635 0.8824969
  0.83527021 0.78270454 0.72614904]
 [0.99501248 1.         0.99501248 0.98019867 0.95599748 0.92311635
  0.8824969  0.83527021 0.78270454]
 [0.98019867 0.99501248 1.         0.99501248 0.98019867 0.95599748
  0.92311635 0.8824969  0.83527021]
 [0.95599748 0.98019867 0.99501248 1.         0.99501248 0.98019867
  0.95599748 0.92311635 0.8824969 ]
 [0.92311635 0.95599748 0.98019867 0.99501248 1.         0.99501248
  0.98019867 0.95599748 0.92311635]
 [0.8824969  0.92311635 0.95599748 0.98019867 0.99501248 1.
  0.99501248 0.98019867 0.95599748]
 [0.83527021 0.8824969  0.92311635 0.95599748 0.98019867 0.99501248
  1.         0.99501248 0.98019867]
 [0.78270454 0.83527021 0.8824969  0.92311635 0.95599748 0.98019867
  0.99501248 1.         0.99501248]
 [0.72614904 0.78270454 0.83527021 0.8824969  0.92311635 0.95599748
  0.98019867 0.99501248 1.        ]]
2025-02-10 22:20:48,615 - INFO - Mau cua W (9x9 phan tu dau):
[[1.         0.91642408 0.8707364  0.82605192 0.59142915 0.16868062
  0.82315582 0.62194005 0.60146371]
 [0.91642408 1.         0.99119432 0.97044926 0.40281295 0.08260484
  0.82475716 0.80253114 0.47482557]
 [0.8707364  0.99119432 1.         0.99348346 0.37747597 0.0736354
  0.84110301 0.86569435 0.47029531]
 [0.82605192 0.97044926 0.99348346 1.         0.3592133  0.06800293
  0.85250917 0.9139347  0.47084802]
 [0.59142915 0.40281295 0.37747597 0.3592133  1.         0.67378106
  0.62367006 0.28985133 0.87205639]
 [0.16868062 0.08260484 0.0736354  0.06800293 0.67378106 1.
  0.18513668 0.05167845 0.46225269]
 [0.82315582 0.82475716 0.84110301 0.85250917 0.62367006 0.18513668
  1.         0.82988457 0.79643285]
 [0.62194005 0.80253114 0.86569435 0.9139347  0.28985133 0.05167845
  0.82988457 1.         0.45766199]
 [0.60146371 0.47482557 0.47029531 0.47084802 0.87205639 0.46225269
  0.79643285 0.45766199 1.        ]]
2025-02-10 22:20:48,740 - INFO - Th\u1eddi gian x\u1eed lý (không song song): 0.1246 giây
2025-02-10 22:20:48,740 - INFO - Kich thuoc ma tran thua (COO): (2400, 2400)
2025-02-10 22:20:48,740 - INFO - Mau cua ma tran thua (COO) [du lieu, hang, cot]:
[1.         0.91642408 0.8707364  0.82605192 0.59142915 0.16868062
 0.82315582 0.62194005 0.60146371], [0 0 0 0 0 0 0 0 0], [0 1 2 3 4 5 6 7 8]
2025-02-10 22:20:48,807 - INFO - Kich thuoc ma tran duong cheo (D): (2400, 2400)
2025-02-10 22:20:48,808 - INFO - Mau cua D (9 phan tu dau):
[21.87286087 20.28864176 21.06680557 22.06068461 31.69707478 32.84175253
 31.0376777  26.34382205 36.73427293]
2025-02-10 22:20:48,808 - INFO - Kich thuoc ma tran Laplace (L): (2400, 2400)
2025-02-10 22:20:48,808 - INFO - Mau cua L (9x9 phan tu dau):
[[20.87286087 -0.91642408 -0.8707364  -0.82605192 -0.59142915 -0.16868062
  -0.82315582 -0.62194005 -0.60146371]
 [-0.91642408 19.28864176 -0.99119432 -0.97044926 -0.40281295 -0.08260484
  -0.82475716 -0.80253114 -0.47482557]
 [-0.8707364  -0.99119432 20.06680557 -0.99348346 -0.37747597 -0.0736354
  -0.84110301 -0.86569435 -0.47029531]
 [-0.82605192 -0.97044926 -0.99348346 21.06068461 -0.3592133  -0.06800293
  -0.85250917 -0.9139347  -0.47084802]
 [-0.59142915 -0.40281295 -0.37747597 -0.3592133  30.69707478 -0.67378106
  -0.62367006 -0.28985133 -0.87205639]
 [-0.16868062 -0.08260484 -0.0736354  -0.06800293 -0.67378106 31.84175253
  -0.18513668 -0.05167845 -0.46225269]
 [-0.82315582 -0.82475716 -0.84110301 -0.85250917 -0.62367006 -0.18513668
  30.0376777  -0.82988457 -0.79643285]
 [-0.62194005 -0.80253114 -0.86569435 -0.9139347  -0.28985133 -0.05167845
  -0.82988457 25.34382205 -0.45766199]
 [-0.60146371 -0.47482557 -0.47029531 -0.47084802 -0.87205639 -0.46225269
  -0.79643285 -0.45766199 35.73427293]]
2025-02-10 22:20:49,370 - INFO - Thoi gian: 0.9406311511993408 giay
2025-02-10 22:20:49,370 - INFO - Thoi gian ma tran W: 0.3141491413116455 giay
2025-02-10 22:20:49,382 - INFO - file name: 15011.jpg
2025-02-10 22:20:49,382 - INFO - Lan thu: 0
2025-02-10 22:20:49,384 - INFO - Kich thuoc anh: 40x60x3
2025-02-10 22:20:49,385 - INFO - Kich thuoc dac trung mau: (2400, 3), Kich thuoc toa do: (2400, 2)
2025-02-10 22:20:49,385 - INFO - Dac trung mau:
[[0.55294118 0.58039216 0.41568627]
 [0.90588235 0.93333333 0.76078431]
 [0.92941176 0.95294118 0.78039216]
 [0.9372549  0.96078431 0.77254902]
 [0.99607843 1.         0.80784314]
 [0.96078431 0.97254902 0.75686275]
 [1.         1.         0.78039216]
 [0.9254902  0.92941176 0.69411765]
 [0.96470588 0.96470588 0.72941176]]
2025-02-10 22:20:49,385 - INFO - Toa do:
[[0 0]
 [1 0]
 [2 0]
 [3 0]
 [4 0]
 [5 0]
 [6 0]
 [7 0]
 [8 0]]
2025-02-10 22:20:49,564 - INFO - Kich thuoc ma tran trong so (W): (2400, 2400)
2025-02-10 22:20:49,564 - INFO - Kich thuoc ma tran dac trung mau: (2400, 2400), Kich thuoc ma tran toa do: (2400, 2400)
2025-02-10 22:20:49,565 - INFO - Mau cua W_features (9x9 phan tu dau):
[[1.00000000e+00 1.00934389e-08 1.04770600e-09 7.67937649e-10
  3.74193340e-12 3.31888952e-10 8.88074455e-12 4.54535735e-08
  9.41501862e-10]
 [1.00934389e-08 1.00000000e+00 9.36010661e-01 9.10455666e-01
  4.77249677e-01 7.95826802e-01 5.04416899e-01 7.84887775e-01
  7.62285544e-01]
 [1.04770600e-09 9.36010661e-01 1.00000000e+00 9.90815220e-01
  6.90301595e-01 9.08357843e-01 6.97772897e-01 6.69907827e-01
  8.19423552e-01]
 [7.67937649e-10 9.10455666e-01 9.90815220e-01 1.00000000e+00
  7.31844207e-01 9.54178005e-01 7.58193530e-01 6.95095337e-01
  8.76789894e-01]
 [3.74193340e-12 4.77249677e-01 6.90301595e-01 7.31844207e-01
  1.00000000e+00 7.94603864e-01 9.62282944e-01 3.18241659e-01
  6.57658428e-01]
 [3.31888952e-10 7.95826802e-01 9.08357843e-01 9.54178005e-01
  7.94603864e-01 1.00000000e+00 8.67401794e-01 7.03158998e-01
  9.59327759e-01]
 [8.88074455e-12 5.04416899e-01 6.97772897e-01 7.58193530e-01
  9.62282944e-01 8.67401794e-01 1.00000000e+00 4.07023220e-01
  7.75290491e-01]
 [4.54535735e-08 7.84887775e-01 6.69907827e-01 6.95095337e-01
  3.18241659e-01 7.03158998e-01 4.07023220e-01 1.00000000e+00
  8.17535480e-01]
 [9.41501862e-10 7.62285544e-01 8.19423552e-01 8.76789894e-01
  6.57658428e-01 9.59327759e-01 7.75290491e-01 8.17535480e-01
  1.00000000e+00]]
2025-02-10 22:20:49,565 - INFO - Mau cua W_coords (9x9 phan tu dau):
[[1.         0.99501248 0.98019867 0.95599748 0.92311635 0.8824969
  0.83527021 0.78270454 0.72614904]
 [0.99501248 1.         0.99501248 0.98019867 0.95599748 0.92311635
  0.8824969  0.83527021 0.78270454]
 [0.98019867 0.99501248 1.         0.99501248 0.98019867 0.95599748
  0.92311635 0.8824969  0.83527021]
 [0.95599748 0.98019867 0.99501248 1.         0.99501248 0.98019867
  0.95599748 0.92311635 0.8824969 ]
 [0.92311635 0.95599748 0.98019867 0.99501248 1.         0.99501248
  0.98019867 0.95599748 0.92311635]
 [0.8824969  0.92311635 0.95599748 0.98019867 0.99501248 1.
  0.99501248 0.98019867 0.95599748]
 [0.83527021 0.8824969  0.92311635 0.95599748 0.98019867 0.99501248
  1.         0.99501248 0.98019867]
 [0.78270454 0.83527021 0.8824969  0.92311635 0.95599748 0.98019867
  0.99501248 1.         0.99501248]
 [0.72614904 0.78270454 0.83527021 0.8824969  0.92311635 0.95599748
  0.98019867 0.99501248 1.        ]]
2025-02-10 22:20:49,566 - INFO - Mau cua W (9x9 phan tu dau):
[[1.00000000e+00 1.00430977e-08 1.02696003e-09 7.34146459e-10
  3.45423989e-12 2.92890972e-10 7.41782138e-12 3.55767183e-08
  6.83670670e-10]
 [1.00430977e-08 1.00000000e+00 9.31342289e-01 8.92427436e-01
  4.56249489e-01 7.34640730e-01 4.45146351e-01 6.55593378e-01
  5.96644355e-01]
 [1.02696003e-09 9.31342289e-01 1.00000000e+00 9.85873508e-01
  6.76632708e-01 8.68387810e-01 6.44125567e-01 5.91191582e-01
  6.84440083e-01]
 [7.34146459e-10 8.92427436e-01 9.85873508e-01 1.00000000e+00
  7.28194118e-01 9.35284015e-01 7.24831106e-01 6.41653868e-01
  7.73764365e-01]
 [3.45423989e-12 4.56249489e-01 6.76632708e-01 7.28194118e-01
  1.00000000e+00 7.90640761e-01 9.43228465e-01 3.04238224e-01
  6.07095245e-01]
 [2.92890972e-10 7.34640730e-01 8.68387810e-01 9.35284015e-01
  7.90640761e-01 1.00000000e+00 8.63075609e-01 6.89235517e-01
  9.17114921e-01]
 [7.41782138e-12 4.45146351e-01 6.44125567e-01 7.24831106e-01
  9.43228465e-01 8.63075609e-01 1.00000000e+00 4.04993183e-01
  7.59938710e-01]
 [3.55767183e-08 6.55593378e-01 5.91191582e-01 6.41653868e-01
  3.04238224e-01 6.89235517e-01 4.04993183e-01 1.00000000e+00
  8.13458005e-01]
 [6.83670670e-10 5.96644355e-01 6.84440083e-01 7.73764365e-01
  6.07095245e-01 9.17114921e-01 7.59938710e-01 8.13458005e-01
  1.00000000e+00]]
2025-02-10 22:20:49,681 - INFO - Th\u1eddi gian x\u1eed lý (không song song): 0.1152 giây
2025-02-10 22:20:49,681 - INFO - Kich thuoc ma tran thua (COO): (2400, 2400)
2025-02-10 22:20:49,681 - INFO - Mau cua ma tran thua (COO) [du lieu, hang, cot]:
[1.00000000e+00 1.00430977e-08 1.02696003e-09 7.34146459e-10
 3.45423989e-12 2.92890972e-10 7.41782138e-12 3.55767183e-08
 6.83670670e-10], [0 0 0 0 0 0 0 0 0], [0 1 2 3 4 5 6 7 8]
2025-02-10 22:20:49,754 - INFO - Kich thuoc ma tran duong cheo (D): (2400, 2400)
2025-02-10 22:20:49,754 - INFO - Mau cua D (9 phan tu dau):
[ 6.28940912 41.04361618 47.71922045 52.65435079 46.62507025 60.77829843
 55.03051813 52.96103505 66.74769652]
2025-02-10 22:20:49,754 - INFO - Kich thuoc ma tran Laplace (L): (2400, 2400)
2025-02-10 22:20:49,754 - INFO - Mau cua L (9x9 phan tu dau):
[[ 5.28940912e+00 -1.00430977e-08 -1.02696003e-09 -7.34146459e-10
  -3.45423989e-12 -2.92890972e-10 -7.41782138e-12 -3.55767183e-08
  -6.83670670e-10]
 [-1.00430977e-08  4.00436162e+01 -9.31342289e-01 -8.92427436e-01
  -4.56249489e-01 -7.34640730e-01 -4.45146351e-01 -6.55593378e-01
  -5.96644355e-01]
 [-1.02696003e-09 -9.31342289e-01  4.67192205e+01 -9.85873508e-01
  -6.76632708e-01 -8.68387810e-01 -6.44125567e-01 -5.91191582e-01
  -6.84440083e-01]
 [-7.34146459e-10 -8.92427436e-01 -9.85873508e-01  5.16543508e+01
  -7.28194118e-01 -9.35284015e-01 -7.24831106e-01 -6.41653868e-01
  -7.73764365e-01]
 [-3.45423989e-12 -4.56249489e-01 -6.76632708e-01 -7.28194118e-01
   4.56250703e+01 -7.90640761e-01 -9.43228465e-01 -3.04238224e-01
  -6.07095245e-01]
 [-2.92890972e-10 -7.34640730e-01 -8.68387810e-01 -9.35284015e-01
  -7.90640761e-01  5.97782984e+01 -8.63075609e-01 -6.89235517e-01
  -9.17114921e-01]
 [-7.41782138e-12 -4.45146351e-01 -6.44125567e-01 -7.24831106e-01
  -9.43228465e-01 -8.63075609e-01  5.40305181e+01 -4.04993183e-01
  -7.59938710e-01]
 [-3.55767183e-08 -6.55593378e-01 -5.91191582e-01 -6.41653868e-01
  -3.04238224e-01 -6.89235517e-01 -4.04993183e-01  5.19610350e+01
  -8.13458005e-01]
 [-6.83670670e-10 -5.96644355e-01 -6.84440083e-01 -7.73764365e-01
  -6.07095245e-01 -9.17114921e-01 -7.59938710e-01 -8.13458005e-01
   6.57476965e+01]]
2025-02-10 22:20:50,506 - INFO - Thoi gian: 1.1240458488464355 giay
2025-02-10 22:20:50,506 - INFO - Thoi gian ma tran W: 0.3029463291168213 giay
2025-02-10 22:20:50,520 - INFO - file name: 15062.jpg
2025-02-10 22:20:50,521 - INFO - Lan thu: 0
2025-02-10 22:20:50,523 - INFO - Kich thuoc anh: 40x60x3
2025-02-10 22:20:50,523 - INFO - Kich thuoc dac trung mau: (2400, 3), Kich thuoc toa do: (2400, 2)
2025-02-10 22:20:50,523 - INFO - Dac trung mau:
[[0.71372549 0.68235294 0.5372549 ]
 [0.7254902  0.69411765 0.54901961]
 [0.74117647 0.70980392 0.56862745]
 [0.7254902  0.69411765 0.55294118]
 [0.8        0.76470588 0.64313725]
 [0.92156863 0.88627451 0.76470588]
 [0.90980392 0.8745098  0.75294118]
 [0.85490196 0.81960784 0.69803922]
 [0.94509804 0.90980392 0.78823529]]
2025-02-10 22:20:50,523 - INFO - Toa do:
[[0 0]
 [1 0]
 [2 0]
 [3 0]
 [4 0]
 [5 0]
 [6 0]
 [7 0]
 [8 0]]
2025-02-10 22:20:50,701 - INFO - Kich thuoc ma tran trong so (W): (2400, 2400)
2025-02-10 22:20:50,702 - INFO - Kich thuoc ma tran dac trung mau: (2400, 2400), Kich thuoc ma tran toa do: (2400, 2400)
2025-02-10 22:20:50,702 - INFO - Mau cua W_features (9x9 phan tu dau):
[[1.00000000e+00 9.79452785e-01 8.82878688e-01 9.74194999e-01
  2.80321385e-01 1.08536796e-03 2.25505930e-03 3.95153935e-02
  2.21981146e-04]
 [9.79452785e-01 1.00000000e+00 9.57117327e-01 9.99231361e-01
  3.79224437e-01 2.25505930e-03 4.49475422e-03 6.48873958e-02
  5.01144579e-04]
 [8.82878688e-01 9.57117327e-01 1.00000000e+00 9.63763948e-01
  5.48094704e-01 6.05726137e-03 1.13704236e-02 1.24072444e-01
  1.51766768e-03]
 [9.74194999e-01 9.99231361e-01 9.63763948e-01 1.00000000e+00
  3.93180250e-01 2.45221130e-03 4.86521689e-03 6.87394673e-02
  5.50009626e-04]
 [2.80321385e-01 3.79224437e-01 5.48094704e-01 3.93180250e-01
  1.00000000e+00 1.08952892e-01 1.63894037e-01 6.36269035e-01
  4.25099910e-02]
 [1.08536796e-03 2.25505930e-03 6.05726137e-03 2.45221130e-03
  1.08952892e-01 1.00000000e+00 9.79452785e-01 5.13417119e-01
  9.20309748e-01]
 [2.25505930e-03 4.49475422e-03 1.13704236e-02 4.86521689e-03
  1.63894037e-01 9.79452785e-01 1.00000000e+00 6.36269035e-01
  8.29567158e-01]
 [3.95153935e-02 6.48873958e-02 1.24072444e-01 6.87394673e-02
  6.36269035e-01 5.13417119e-01 6.36269035e-01 1.00000000e+00
  2.95141645e-01]
 [2.21981146e-04 5.01144579e-04 1.51766768e-03 5.50009626e-04
  4.25099910e-02 9.20309748e-01 8.29567158e-01 2.95141645e-01
  1.00000000e+00]]
2025-02-10 22:20:50,702 - INFO - Mau cua W_coords (9x9 phan tu dau):
[[1.         0.99501248 0.98019867 0.95599748 0.92311635 0.8824969
  0.83527021 0.78270454 0.72614904]
 [0.99501248 1.         0.99501248 0.98019867 0.95599748 0.92311635
  0.8824969  0.83527021 0.78270454]
 [0.98019867 0.99501248 1.         0.99501248 0.98019867 0.95599748
  0.92311635 0.8824969  0.83527021]
 [0.95599748 0.98019867 0.99501248 1.         0.99501248 0.98019867
  0.95599748 0.92311635 0.8824969 ]
 [0.92311635 0.95599748 0.98019867 0.99501248 1.         0.99501248
  0.98019867 0.95599748 0.92311635]
 [0.8824969  0.92311635 0.95599748 0.98019867 0.99501248 1.
  0.99501248 0.98019867 0.95599748]
 [0.83527021 0.8824969  0.92311635 0.95599748 0.98019867 0.99501248
  1.         0.99501248 0.98019867]
 [0.78270454 0.83527021 0.8824969  0.92311635 0.95599748 0.98019867
  0.99501248 1.         0.99501248]
 [0.72614904 0.78270454 0.83527021 0.8824969  0.92311635 0.95599748
  0.98019867 0.99501248 1.        ]]
2025-02-10 22:20:50,703 - INFO - Mau cua W (9x9 phan tu dau):
[[1.00000000e+00 9.74567744e-01 8.65396519e-01 9.31327966e-01
  2.58769253e-01 9.57833862e-04 1.88358386e-03 3.09288778e-02
  1.61191395e-04]
 [9.74567744e-01 1.00000000e+00 9.52343684e-01 9.79445254e-01
  3.62537607e-01 2.08168210e-03 3.96660668e-03 5.41985088e-02
  3.92248137e-04]
 [8.65396519e-01 9.52343684e-01 1.00000000e+00 9.58957156e-01
  5.37241702e-01 5.79072661e-03 1.04962239e-02 1.09493548e-01
  1.26766260e-03]
 [9.31327966e-01 9.79445254e-01 9.58957156e-01 1.00000000e+00
  3.91219256e-01 2.40365426e-03 4.65113509e-03 6.34545259e-02
  4.85381791e-04]
 [2.58769253e-01 3.62537607e-01 5.37241702e-01 3.91219256e-01
  1.00000000e+00 1.08409487e-01 1.60648717e-01 6.08271595e-01
  3.92416676e-02]
 [9.57833862e-04 2.08168210e-03 5.79072661e-03 2.40365426e-03
  1.08409487e-01 1.00000000e+00 9.74567744e-01 5.03250779e-01
  8.79813802e-01]
 [1.88358386e-03 3.96660668e-03 1.04962239e-02 4.65113509e-03
  1.60648717e-01 9.74567744e-01 1.00000000e+00 6.33095630e-01
  8.13140627e-01]
 [3.09288778e-02 5.41985088e-02 1.09493548e-01 6.34545259e-02
  6.08271595e-01 5.03250779e-01 6.33095630e-01 1.00000000e+00
  2.93669620e-01]
 [1.61191395e-04 3.92248137e-04 1.26766260e-03 4.85381791e-04
  3.92416676e-02 8.79813802e-01 8.13140627e-01 2.93669620e-01
  1.00000000e+00]]
2025-02-10 22:20:50,822 - INFO - Th\u1eddi gian x\u1eed lý (không song song): 0.1188 giây
2025-02-10 22:20:50,822 - INFO - Kich thuoc ma tran thua (COO): (2400, 2400)
2025-02-10 22:20:50,822 - INFO - Mau cua ma tran thua (COO) [du lieu, hang, cot]:
[1.00000000e+00 9.74567744e-01 8.65396519e-01 9.31327966e-01
 2.58769253e-01 9.57833862e-04 1.88358386e-03 3.09288778e-02
 1.61191395e-04], [0 0 0 0 0 0 0 0 0], [0 1 2 3 4 5 6 7 8]
2025-02-10 22:20:50,889 - INFO - Kich thuoc ma tran duong cheo (D): (2400, 2400)
2025-02-10 22:20:50,889 - INFO - Mau cua D (9 phan tu dau):
[14.91005981 16.763351   19.57276913 19.08860357 33.73048171 34.42865901
 38.71301978 46.63286598 28.99040132]
2025-02-10 22:20:50,890 - INFO - Kich thuoc ma tran Laplace (L): (2400, 2400)
2025-02-10 22:20:50,890 - INFO - Mau cua L (9x9 phan tu dau):
[[ 1.39100598e+01 -9.74567744e-01 -8.65396519e-01 -9.31327966e-01
  -2.58769253e-01 -9.57833862e-04 -1.88358386e-03 -3.09288778e-02
  -1.61191395e-04]
 [-9.74567744e-01  1.57633510e+01 -9.52343684e-01 -9.79445254e-01
  -3.62537607e-01 -2.08168210e-03 -3.96660668e-03 -5.41985088e-02
  -3.92248137e-04]
 [-8.65396519e-01 -9.52343684e-01  1.85727691e+01 -9.58957156e-01
  -5.37241702e-01 -5.79072661e-03 -1.04962239e-02 -1.09493548e-01
  -1.26766260e-03]
 [-9.31327966e-01 -9.79445254e-01 -9.58957156e-01  1.80886036e+01
  -3.91219256e-01 -2.40365426e-03 -4.65113509e-03 -6.34545259e-02
  -4.85381791e-04]
 [-2.58769253e-01 -3.62537607e-01 -5.37241702e-01 -3.91219256e-01
   3.27304817e+01 -1.08409487e-01 -1.60648717e-01 -6.08271595e-01
  -3.92416676e-02]
 [-9.57833862e-04 -2.08168210e-03 -5.79072661e-03 -2.40365426e-03
  -1.08409487e-01  3.34286590e+01 -9.74567744e-01 -5.03250779e-01
  -8.79813802e-01]
 [-1.88358386e-03 -3.96660668e-03 -1.04962239e-02 -4.65113509e-03
  -1.60648717e-01 -9.74567744e-01  3.77130198e+01 -6.33095630e-01
  -8.13140627e-01]
 [-3.09288778e-02 -5.41985088e-02 -1.09493548e-01 -6.34545259e-02
  -6.08271595e-01 -5.03250779e-01 -6.33095630e-01  4.56328660e+01
  -2.93669620e-01]
 [-1.61191395e-04 -3.92248137e-04 -1.26766260e-03 -4.85381791e-04
  -3.92416676e-02 -8.79813802e-01 -8.13140627e-01 -2.93669620e-01
   2.79904013e+01]]
2025-02-10 22:20:51,390 - INFO - Thoi gian: 0.8693468570709229 giay
2025-02-10 22:20:51,390 - INFO - Thoi gian ma tran W: 0.3040597438812256 giay
2025-02-10 22:20:51,403 - INFO - file name: 16004.jpg
2025-02-10 22:20:51,403 - INFO - Lan thu: 0
2025-02-10 22:20:51,406 - INFO - Kich thuoc anh: 40x60x3
2025-02-10 22:20:51,406 - INFO - Kich thuoc dac trung mau: (2400, 3), Kich thuoc toa do: (2400, 2)
2025-02-10 22:20:51,406 - INFO - Dac trung mau:
[[0.17254902 0.20392157 0.01176471]
 [0.26666667 0.29803922 0.10588235]
 [0.25098039 0.28235294 0.09803922]
 [0.14901961 0.18039216 0.        ]
 [0.17647059 0.21176471 0.04313725]
 [0.3254902  0.36078431 0.19215686]
 [0.34509804 0.37647059 0.22352941]
 [0.23137255 0.2627451  0.10980392]
 [0.2        0.24313725 0.08627451]]
2025-02-10 22:20:51,407 - INFO - Toa do:
[[0 0]
 [1 0]
 [2 0]
 [3 0]
 [4 0]
 [5 0]
 [6 0]
 [7 0]
 [8 0]]
2025-02-10 22:20:51,596 - INFO - Kich thuoc ma tran trong so (W): (2400, 2400)
2025-02-10 22:20:51,596 - INFO - Kich thuoc ma tran dac trung mau: (2400, 2400), Kich thuoc ma tran toa do: (2400, 2400)
2025-02-10 22:20:51,597 - INFO - Mau cua W_features (9x9 phan tu dau):
[[1.         0.26481608 0.37257662 0.93961625 0.94832641 0.01782929
  0.00540987 0.43753212 0.67559813]
 [0.26481608 1.         0.97269797 0.14303918 0.37689881 0.47615002
  0.27057944 0.88220007 0.67559813]
 [0.37257662 0.97269797 1.         0.21867153 0.50791978 0.35769803
  0.18764515 0.95564654 0.80753899]
 [0.93961625 0.14303918 0.21867153 1.         0.83532802 0.00653637
  0.00175911 0.27774669 0.49710106]
 [0.94832641 0.37689881 0.50791978 0.83532802 1.         0.03575638
  0.01221331 0.60478424 0.84371996]
 [0.01782929 0.47615002 0.35769803 0.00653637 0.03575638 1.
  0.92243517 0.28291994 0.13003071]
 [0.00540987 0.27057944 0.18764515 0.00175911 0.01221331 0.92243517
  1.         0.14370063 0.05593828]
 [0.43753212 0.88220007 0.95564654 0.27774669 0.60478424 0.28291994
  0.14370063 1.         0.90835784]
 [0.67559813 0.67559813 0.80753899 0.49710106 0.84371996 0.13003071
  0.05593828 0.90835784 1.        ]]
2025-02-10 22:20:51,597 - INFO - Mau cua W_coords (9x9 phan tu dau):
[[1.         0.99501248 0.98019867 0.95599748 0.92311635 0.8824969
  0.83527021 0.78270454 0.72614904]
 [0.99501248 1.         0.99501248 0.98019867 0.95599748 0.92311635
  0.8824969  0.83527021 0.78270454]
 [0.98019867 0.99501248 1.         0.99501248 0.98019867 0.95599748
  0.92311635 0.8824969  0.83527021]
 [0.95599748 0.98019867 0.99501248 1.         0.99501248 0.98019867
  0.95599748 0.92311635 0.8824969 ]
 [0.92311635 0.95599748 0.98019867 0.99501248 1.         0.99501248
  0.98019867 0.95599748 0.92311635]
 [0.8824969  0.92311635 0.95599748 0.98019867 0.99501248 1.
  0.99501248 0.98019867 0.95599748]
 [0.83527021 0.8824969  0.92311635 0.95599748 0.98019867 0.99501248
  1.         0.99501248 0.98019867]
 [0.78270454 0.83527021 0.8824969  0.92311635 0.95599748 0.98019867
  0.99501248 1.         0.99501248]
 [0.72614904 0.78270454 0.83527021 0.8824969  0.92311635 0.95599748
  0.98019867 0.99501248 1.        ]]
2025-02-10 22:20:51,598 - INFO - Mau cua W (9x9 phan tu dau):
[[1.         0.26349531 0.36519911 0.89827076 0.87541562 0.01573429
  0.0045187  0.34245838 0.49058493]
 [0.26349531 1.         0.96784661 0.14020682 0.36031431 0.43954187
  0.23878552 0.73687544 0.52879372]
 [0.36519911 0.96784661 1.         0.2175809  0.49786229 0.34195842
  0.1732183  0.84335511 0.67451327]
 [0.89827076 0.14020682 0.2175809  1.         0.8311618  0.00640694
  0.00168171 0.25639251 0.43869014]
 [0.87541562 0.36031431 0.49786229 0.8311618  1.         0.03557805
  0.01197147 0.57817221 0.77885169]
 [0.01573429 0.43954187 0.34195842 0.00640694 0.03557805 1.
  0.91783451 0.27731775 0.12430903]
 [0.0045187  0.23878552 0.1732183  0.00168171 0.01197147 0.91783451
  1.         0.14298392 0.05483063]
 [0.34245838 0.73687544 0.84335511 0.25639251 0.57817221 0.27731775
  0.14298392 1.         0.90382739]
 [0.49058493 0.52879372 0.67451327 0.43869014 0.77885169 0.12430903
  0.05483063 0.90382739 1.        ]]
2025-02-10 22:20:51,716 - INFO - Th\u1eddi gian x\u1eed lý (không song song): 0.1179 giây
2025-02-10 22:20:51,716 - INFO - Kich thuoc ma tran thua (COO): (2400, 2400)
2025-02-10 22:20:51,717 - INFO - Mau cua ma tran thua (COO) [du lieu, hang, cot]:
[1.         0.26349531 0.36519911 0.89827076 0.87541562 0.01573429
 0.0045187  0.34245838 0.49058493], [0 0 0 0 0 0 0 0 0], [0 1 2 3 4 5 6 7 8]
2025-02-10 22:20:51,778 - INFO - Kich thuoc ma tran duong cheo (D): (2400, 2400)
2025-02-10 22:20:51,779 - INFO - Mau cua D (9 phan tu dau):
[ 46.06226758 102.58340076 108.94108356  42.53898467  75.19165731
 103.57509318  87.80992181 140.01685271 123.45850379]
2025-02-10 22:20:51,779 - INFO - Kich thuoc ma tran Laplace (L): (2400, 2400)
2025-02-10 22:20:51,779 - INFO - Mau cua L (9x9 phan tu dau):
[[ 4.50622676e+01 -2.63495307e-01 -3.65199108e-01 -8.98270764e-01
  -8.75415615e-01 -1.57342923e-02 -4.51869994e-03 -3.42458378e-01
  -4.90584931e-01]
 [-2.63495307e-01  1.01583401e+02 -9.67846614e-01 -1.40206818e-01
  -3.60314309e-01 -4.39541870e-01 -2.38785518e-01 -7.36875441e-01
  -5.28793722e-01]
 [-3.65199108e-01 -9.67846614e-01  1.07941084e+02 -2.17580900e-01
  -4.97862295e-01 -3.41958420e-01 -1.73218303e-01 -8.43355108e-01
  -6.74513265e-01]
 [-8.98270764e-01 -1.40206818e-01 -2.17580900e-01  4.15389847e+01
  -8.31161802e-01 -6.40694364e-03 -1.68170853e-03 -2.56392514e-01
  -4.38690144e-01]
 [-8.75415615e-01 -3.60314309e-01 -4.97862295e-01 -8.31161802e-01
   7.41916573e+01 -3.55780456e-02 -1.19714724e-02 -5.78172214e-01
  -7.78851687e-01]
 [-1.57342923e-02 -4.39541870e-01 -3.41958420e-01 -6.40694364e-03
  -3.55780456e-02  1.02575093e+02 -9.17834509e-01 -2.77317752e-01
  -1.24309032e-01]
 [-4.51869994e-03 -2.38785518e-01 -1.73218303e-01 -1.68170853e-03
  -1.19714724e-02 -9.17834509e-01  8.68099218e+01 -1.42983925e-01
  -5.48306276e-02]
 [-3.42458378e-01 -7.36875441e-01 -8.43355108e-01 -2.56392514e-01
  -5.78172214e-01 -2.77317752e-01 -1.42983925e-01  1.39016853e+02
  -9.03827389e-01]
 [-4.90584931e-01 -5.28793722e-01 -6.74513265e-01 -4.38690144e-01
  -7.78851687e-01 -1.24309032e-01 -5.48306276e-02 -9.03827389e-01
   1.22458504e+02]]
2025-02-10 22:20:52,894 - INFO - Thoi gian: 1.4914121627807617 giay
2025-02-10 22:20:52,894 - INFO - Thoi gian ma tran W: 0.31634974479675293 giay
2025-02-10 22:20:52,907 - INFO - file name: 16068.jpg
2025-02-10 22:20:52,907 - INFO - Lan thu: 0
2025-02-10 22:20:52,909 - INFO - Kich thuoc anh: 40x60x3
2025-02-10 22:20:52,909 - INFO - Kich thuoc dac trung mau: (2400, 3), Kich thuoc toa do: (2400, 2)
2025-02-10 22:20:52,909 - INFO - Dac trung mau:
[[0.2        0.23921569 0.14117647]
 [0.18823529 0.22745098 0.12941176]
 [0.14901961 0.18431373 0.10196078]
 [0.09803922 0.13333333 0.05098039]
 [0.06666667 0.10980392 0.04313725]
 [0.0745098  0.11764706 0.05098039]
 [0.08627451 0.12941176 0.06666667]
 [0.08627451 0.12941176 0.06666667]
 [0.09019608 0.14117647 0.0745098 ]]
2025-02-10 22:20:52,909 - INFO - Toa do:
[[0 0]
 [1 0]
 [2 0]
 [3 0]
 [4 0]
 [5 0]
 [6 0]
 [7 0]
 [8 0]]
2025-02-10 22:20:53,081 - INFO - Kich thuoc ma tran trong so (W): (2400, 2400)
2025-02-10 22:20:53,081 - INFO - Kich thuoc ma tran dac trung mau: (2400, 2400), Kich thuoc ma tran toa do: (2400, 2400)
2025-02-10 22:20:53,082 - INFO - Mau cua W_features (9x9 phan tu dau):
[[1.         0.97945279 0.69938438 0.22602259 0.11004746 0.14469855
  0.21716346 0.21716346 0.27099588]
