2025-02-10 21:56:06,844 - INFO - Bat dau tinh ma tran trong so...
2025-02-10 21:56:06,845 - INFO - Kich thuoc anh: 59x60x3
2025-02-10 21:56:06,845 - INFO - Kich thuoc dac trung mau: (3540, 3), Kich thuoc toa do: (3540, 2)
2025-02-10 21:56:06,845 - INFO - Dac trung mau:
[[1. 1. 1.]
 [1. 1. 1.]
 [1. 1. 1.]
 [1. 1. 1.]
 [1. 1. 1.]
 [1. 1. 1.]
 [1. 1. 1.]
 [1. 1. 1.]
 [1. 1. 1.]]
2025-02-10 21:56:06,845 - INFO - Toa do:
[[0 0]
 [1 0]
 [2 0]
 [3 0]
 [4 0]
 [5 0]
 [6 0]
 [7 0]
 [8 0]]
2025-02-10 21:56:07,193 - INFO - Kich thuoc ma tran trong so (W): (3540, 3540)
2025-02-10 21:56:07,194 - INFO - Kich thuoc ma tran dac trung mau: (3540, 3540), Kich thuoc ma tran toa do: (3540, 3540)
2025-02-10 21:56:07,208 - INFO - Mau cua W_features (9x9 phan tu dau):
[[1. 1. 1. 1. 1. 1. 1. 1. 1.]
 [1. 1. 1. 1. 1. 1. 1. 1. 1.]
 [1. 1. 1. 1. 1. 1. 1. 1. 1.]
 [1. 1. 1. 1. 1. 1. 1. 1. 1.]
 [1. 1. 1. 1. 1. 1. 1. 1. 1.]
 [1. 1. 1. 1. 1. 1. 1. 1. 1.]
 [1. 1. 1. 1. 1. 1. 1. 1. 1.]
 [1. 1. 1. 1. 1. 1. 1. 1. 1.]
 [1. 1. 1. 1. 1. 1. 1. 1. 1.]]
2025-02-10 21:56:07,209 - INFO - Mau cua W_coords (9x9 phan tu dau):
[[1.         0.99501248 0.98019867 0.95599748 0.92311635 0.8824969
  0.83527021 0.78270454 0.72614904]
 [0.99501248 1.         0.99501248 0.98019867 0.95599748 0.92311635
  0.8824969  0.83527021 0.78270454]
 [0.98019867 0.99501248 1.         0.99501248 0.98019867 0.95599748
  0.92311635 0.8824969  0.83527021]
 [0.95599748 0.98019867 0.99501248 1.         0.99501248 0.98019867
  0.95599748 0.92311635 0.8824969 ]
 [0.92311635 0.95599748 0.98019867 0.99501248 1.         0.99501248
  0.98019867 0.95599748 0.92311635]
 [0.8824969  0.92311635 0.95599748 0.98019867 0.99501248 1.
  0.99501248 0.98019867 0.95599748]
 [0.83527021 0.8824969  0.92311635 0.95599748 0.98019867 0.99501248
  1.         0.99501248 0.98019867]
 [0.78270454 0.83527021 0.8824969  0.92311635 0.95599748 0.98019867
  0.99501248 1.         0.99501248]
 [0.72614904 0.78270454 0.83527021 0.8824969  0.92311635 0.95599748
  0.98019867 0.99501248 1.        ]]
2025-02-10 21:56:07,209 - INFO - Mau cua W (9x9 phan tu dau):
[[1.         0.99501248 0.98019867 0.95599748 0.92311635 0.8824969
  0.83527021 0.78270454 0.72614904]
 [0.99501248 1.         0.99501248 0.98019867 0.95599748 0.92311635
  0.8824969  0.83527021 0.78270454]
 [0.98019867 0.99501248 1.         0.99501248 0.98019867 0.95599748
  0.92311635 0.8824969  0.83527021]
 [0.95599748 0.98019867 0.99501248 1.         0.99501248 0.98019867
  0.95599748 0.92311635 0.8824969 ]
 [0.92311635 0.95599748 0.98019867 0.99501248 1.         0.99501248
  0.98019867 0.95599748 0.92311635]
 [0.8824969  0.92311635 0.95599748 0.98019867 0.99501248 1.
  0.99501248 0.98019867 0.95599748]
 [0.83527021 0.8824969  0.92311635 0.95599748 0.98019867 0.99501248
  1.         0.99501248 0.98019867]
 [0.78270454 0.83527021 0.8824969  0.92311635 0.95599748 0.98019867
  0.99501248 1.         0.99501248]
 [0.72614904 0.78270454 0.83527021 0.8824969  0.92311635 0.95599748
  0.98019867 0.99501248 1.        ]]
2025-02-10 21:56:07,459 - INFO - Th\u1eddi gian x\u1eed lý (không song song): 0.2497 giây
2025-02-10 21:56:07,459 - INFO - Kich thuoc ma tran thua (COO): (3540, 3540)
2025-02-10 21:56:07,460 - INFO - Mau cua ma tran thua (COO) [du lieu, hang, cot]:
[1.         0.99501248 0.98019867 0.95599748 0.92311635 0.8824969
 0.83527021 0.78270454 0.72614904], [0 0 0 0 0 0 0 0 0], [0 1 2 3 4 5 6 7 8]
2025-02-10 21:56:07,472 - INFO - Tinh ma tran Laplace...
2025-02-10 21:56:07,602 - INFO - Kich thuoc ma tran duong cheo (D): (3540, 3540)
2025-02-10 21:56:07,602 - INFO - Mau cua D (9 phan tu dau):
[163.13126415 175.79777432 188.31179917 200.55355293 212.41060097
 223.78066425 234.57388706 244.71447619 254.14166125]
2025-02-10 21:56:07,602 - INFO - Kich thuoc ma tran Laplace (L): (3540, 3540)
2025-02-10 21:56:07,602 - INFO - Mau cua L (9x9 phan tu dau):
[[162.13126415  -0.99501248  -0.98019867  -0.95599748  -0.92311635
   -0.8824969   -0.83527021  -0.78270454  -0.72614904]
 [ -0.99501248 174.79777432  -0.99501248  -0.98019867  -0.95599748
   -0.92311635  -0.8824969   -0.83527021  -0.78270454]
 [ -0.98019867  -0.99501248 187.31179917  -0.99501248  -0.98019867
   -0.95599748  -0.92311635  -0.8824969   -0.83527021]
 [ -0.95599748  -0.98019867  -0.99501248 199.55355293  -0.99501248
   -0.98019867  -0.95599748  -0.92311635  -0.8824969 ]
 [ -0.92311635  -0.95599748  -0.98019867  -0.99501248 211.41060097
   -0.99501248  -0.98019867  -0.95599748  -0.92311635]
 [ -0.8824969   -0.92311635  -0.95599748  -0.98019867  -0.99501248
  222.78066425  -0.99501248  -0.98019867  -0.95599748]
 [ -0.83527021  -0.8824969   -0.92311635  -0.95599748  -0.98019867
   -0.99501248 233.57388706  -0.99501248  -0.98019867]
 [ -0.78270454  -0.83527021  -0.8824969   -0.92311635  -0.95599748
   -0.98019867  -0.99501248 243.71447619  -0.99501248]
 [ -0.72614904  -0.78270454  -0.83527021  -0.8824969   -0.92311635
   -0.95599748  -0.98019867  -0.99501248 253.14166125]]
2025-02-10 21:56:07,603 - INFO - Tinh vector rieng...
2025-02-10 21:56:15,715 - INFO - Gan nhan cho cac diem anh...
2025-02-10 21:56:15,847 - INFO - Nhan gan cho 27 pixel dau tien: [1 1 1 1 1 1 1 1 1 1 1 1 1 1 1 1 1 1 1 1 1 1 1 1 1 1 1]
2025-02-10 21:56:15,847 - INFO - Hien thi ket qua...
2025-02-10 21:56:15,848 - INFO - Thoi gian: 9.01236605644226 giay
2025-02-10 21:56:15,848 - INFO - Thoi gian COO: 0.62734055519104 giay
2025-02-10 21:57:43,567 - INFO - Bat dau tinh ma tran trong so...
2025-02-10 21:57:43,567 - INFO - Kich thuoc anh: 59x60x3
2025-02-10 21:57:43,567 - INFO - Kich thuoc dac trung mau: (3540, 3), Kich thuoc toa do: (3540, 2)
2025-02-10 21:57:43,568 - INFO - Dac trung mau:
[[1. 1. 1.]
 [1. 1. 1.]
 [1. 1. 1.]
 [1. 1. 1.]
 [1. 1. 1.]
 [1. 1. 1.]
 [1. 1. 1.]
 [1. 1. 1.]
 [1. 1. 1.]]
2025-02-10 21:57:43,568 - INFO - Toa do:
[[0 0]
 [1 0]
 [2 0]
 [3 0]
 [4 0]
 [5 0]
 [6 0]
 [7 0]
 [8 0]]
2025-02-10 21:57:44,031 - INFO - Kich thuoc ma tran trong so (W): (3540, 3540)
2025-02-10 21:57:44,031 - INFO - Kich thuoc ma tran dac trung mau: (3540, 3540), Kich thuoc ma tran toa do: (3540, 3540)
2025-02-10 21:57:44,032 - INFO - Mau cua W_features (9x9 phan tu dau):
[[1. 1. 1. 1. 1. 1. 1. 1. 1.]
 [1. 1. 1. 1. 1. 1. 1. 1. 1.]
 [1. 1. 1. 1. 1. 1. 1. 1. 1.]
 [1. 1. 1. 1. 1. 1. 1. 1. 1.]
 [1. 1. 1. 1. 1. 1. 1. 1. 1.]
 [1. 1. 1. 1. 1. 1. 1. 1. 1.]
 [1. 1. 1. 1. 1. 1. 1. 1. 1.]
 [1. 1. 1. 1. 1. 1. 1. 1. 1.]
 [1. 1. 1. 1. 1. 1. 1. 1. 1.]]
2025-02-10 21:57:44,032 - INFO - Mau cua W_coords (9x9 phan tu dau):
[[1.         0.99501248 0.98019867 0.95599748 0.92311635 0.8824969
  0.83527021 0.78270454 0.72614904]
 [0.99501248 1.         0.99501248 0.98019867 0.95599748 0.92311635
  0.8824969  0.83527021 0.78270454]
 [0.98019867 0.99501248 1.         0.99501248 0.98019867 0.95599748
  0.92311635 0.8824969  0.83527021]
 [0.95599748 0.98019867 0.99501248 1.         0.99501248 0.98019867
  0.95599748 0.92311635 0.8824969 ]
 [0.92311635 0.95599748 0.98019867 0.99501248 1.         0.99501248
  0.98019867 0.95599748 0.92311635]
 [0.8824969  0.92311635 0.95599748 0.98019867 0.99501248 1.
  0.99501248 0.98019867 0.95599748]
 [0.83527021 0.8824969  0.92311635 0.95599748 0.98019867 0.99501248
  1.         0.99501248 0.98019867]
 [0.78270454 0.83527021 0.8824969  0.92311635 0.95599748 0.98019867
  0.99501248 1.         0.99501248]
 [0.72614904 0.78270454 0.83527021 0.8824969  0.92311635 0.95599748
  0.98019867 0.99501248 1.        ]]
2025-02-10 21:57:44,033 - INFO - Mau cua W (9x9 phan tu dau):
[[1.         0.99501248 0.98019867 0.95599748 0.92311635 0.8824969
  0.83527021 0.78270454 0.72614904]
 [0.99501248 1.         0.99501248 0.98019867 0.95599748 0.92311635
  0.8824969  0.83527021 0.78270454]
 [0.98019867 0.99501248 1.         0.99501248 0.98019867 0.95599748
  0.92311635 0.8824969  0.83527021]
 [0.95599748 0.98019867 0.99501248 1.         0.99501248 0.98019867
  0.95599748 0.92311635 0.8824969 ]
 [0.92311635 0.95599748 0.98019867 0.99501248 1.         0.99501248
  0.98019867 0.95599748 0.92311635]
 [0.8824969  0.92311635 0.95599748 0.98019867 0.99501248 1.
  0.99501248 0.98019867 0.95599748]
 [0.83527021 0.8824969  0.92311635 0.95599748 0.98019867 0.99501248
  1.         0.99501248 0.98019867]
 [0.78270454 0.83527021 0.8824969  0.92311635 0.95599748 0.98019867
  0.99501248 1.         0.99501248]
 [0.72614904 0.78270454 0.83527021 0.8824969  0.92311635 0.95599748
  0.98019867 0.99501248 1.        ]]
2025-02-10 21:57:44,298 - INFO - Th\u1eddi gian x\u1eed lý (không song song): 0.2653 giây
2025-02-10 21:57:44,298 - INFO - Kich thuoc ma tran thua (COO): (3540, 3540)
2025-02-10 21:57:44,299 - INFO - Mau cua ma tran thua (COO) [du lieu, hang, cot]:
[1.         0.99501248 0.98019867 0.95599748 0.92311635 0.8824969
 0.83527021 0.78270454 0.72614904], [0 0 0 0 0 0 0 0 0], [0 1 2 3 4 5 6 7 8]
2025-02-10 21:57:44,310 - INFO - Tinh ma tran Laplace...
2025-02-10 21:57:44,438 - INFO - Kich thuoc ma tran duong cheo (D): (3540, 3540)
2025-02-10 21:57:44,438 - INFO - Mau cua D (9 phan tu dau):
[163.13126415 175.79777432 188.31179917 200.55355293 212.41060097
 223.78066425 234.57388706 244.71447619 254.14166125]
2025-02-10 21:57:44,438 - INFO - Kich thuoc ma tran Laplace (L): (3540, 3540)
2025-02-10 21:57:44,438 - INFO - Mau cua L (9x9 phan tu dau):
[[162.13126415  -0.99501248  -0.98019867  -0.95599748  -0.92311635
   -0.8824969   -0.83527021  -0.78270454  -0.72614904]
 [ -0.99501248 174.79777432  -0.99501248  -0.98019867  -0.95599748
   -0.92311635  -0.8824969   -0.83527021  -0.78270454]
 [ -0.98019867  -0.99501248 187.31179917  -0.99501248  -0.98019867
   -0.95599748  -0.92311635  -0.8824969   -0.83527021]
 [ -0.95599748  -0.98019867  -0.99501248 199.55355293  -0.99501248
   -0.98019867  -0.95599748  -0.92311635  -0.8824969 ]
 [ -0.92311635  -0.95599748  -0.98019867  -0.99501248 211.41060097
   -0.99501248  -0.98019867  -0.95599748  -0.92311635]
 [ -0.8824969   -0.92311635  -0.95599748  -0.98019867  -0.99501248
  222.78066425  -0.99501248  -0.98019867  -0.95599748]
 [ -0.83527021  -0.8824969   -0.92311635  -0.95599748  -0.98019867
   -0.99501248 233.57388706  -0.99501248  -0.98019867]
 [ -0.78270454  -0.83527021  -0.8824969   -0.92311635  -0.95599748
   -0.98019867  -0.99501248 243.71447619  -0.99501248]
 [ -0.72614904  -0.78270454  -0.83527021  -0.8824969   -0.92311635
   -0.95599748  -0.98019867  -0.99501248 253.14166125]]
2025-02-10 21:57:44,439 - INFO - Tinh vector rieng...
2025-02-10 21:57:52,249 - INFO - Gan nhan cho cac diem anh...
2025-02-10 21:57:52,254 - INFO - Nhan gan cho 27 pixel dau tien: [1 1 1 1 1 1 1 1 1 1 1 1 1 1 1 1 1 1 1 1 1 1 1 1 1 1 1]
2025-02-10 21:57:52,254 - INFO - Hien thi ket qua...
2025-02-10 21:57:52,254 - INFO - Thoi gian: 8.689446687698364 giay
2025-02-10 21:57:52,254 - INFO - Thoi gian COO: 0.7430787086486816 giay
2025-02-10 21:57:53,608 - INFO - Bat dau tinh ma tran trong so...
2025-02-10 21:57:53,609 - INFO - Kich thuoc anh: 59x60x3
2025-02-10 21:57:53,609 - INFO - Kich thuoc dac trung mau: (3540, 3), Kich thuoc toa do: (3540, 2)
2025-02-10 21:57:53,609 - INFO - Dac trung mau:
[[1. 1. 1.]
 [1. 1. 1.]
 [1. 1. 1.]
 [1. 1. 1.]
 [1. 1. 1.]
 [1. 1. 1.]
 [1. 1. 1.]
 [1. 1. 1.]
 [1. 1. 1.]]
2025-02-10 21:57:53,609 - INFO - Toa do:
[[0 0]
 [1 0]
 [2 0]
 [3 0]
 [4 0]
 [5 0]
 [6 0]
 [7 0]
 [8 0]]
2025-02-10 21:57:54,023 - INFO - Kich thuoc ma tran trong so (W): (3540, 3540)
2025-02-10 21:57:54,023 - INFO - Kich thuoc ma tran dac trung mau: (3540, 3540), Kich thuoc ma tran toa do: (3540, 3540)
2025-02-10 21:57:54,024 - INFO - Mau cua W_features (9x9 phan tu dau):
[[1. 1. 1. 1. 1. 1. 1. 1. 1.]
 [1. 1. 1. 1. 1. 1. 1. 1. 1.]
 [1. 1. 1. 1. 1. 1. 1. 1. 1.]
 [1. 1. 1. 1. 1. 1. 1. 1. 1.]
 [1. 1. 1. 1. 1. 1. 1. 1. 1.]
 [1. 1. 1. 1. 1. 1. 1. 1. 1.]
 [1. 1. 1. 1. 1. 1. 1. 1. 1.]
 [1. 1. 1. 1. 1. 1. 1. 1. 1.]
 [1. 1. 1. 1. 1. 1. 1. 1. 1.]]
2025-02-10 21:57:54,024 - INFO - Mau cua W_coords (9x9 phan tu dau):
[[1.         0.99501248 0.98019867 0.95599748 0.92311635 0.8824969
  0.83527021 0.78270454 0.72614904]
 [0.99501248 1.         0.99501248 0.98019867 0.95599748 0.92311635
  0.8824969  0.83527021 0.78270454]
 [0.98019867 0.99501248 1.         0.99501248 0.98019867 0.95599748
  0.92311635 0.8824969  0.83527021]
 [0.95599748 0.98019867 0.99501248 1.         0.99501248 0.98019867
  0.95599748 0.92311635 0.8824969 ]
 [0.92311635 0.95599748 0.98019867 0.99501248 1.         0.99501248
  0.98019867 0.95599748 0.92311635]
 [0.8824969  0.92311635 0.95599748 0.98019867 0.99501248 1.
  0.99501248 0.98019867 0.95599748]
 [0.83527021 0.8824969  0.92311635 0.95599748 0.98019867 0.99501248
  1.         0.99501248 0.98019867]
 [0.78270454 0.83527021 0.8824969  0.92311635 0.95599748 0.98019867
  0.99501248 1.         0.99501248]
 [0.72614904 0.78270454 0.83527021 0.8824969  0.92311635 0.95599748
  0.98019867 0.99501248 1.        ]]
2025-02-10 21:57:54,025 - INFO - Mau cua W (9x9 phan tu dau):
[[1.         0.99501248 0.98019867 0.95599748 0.92311635 0.8824969
  0.83527021 0.78270454 0.72614904]
 [0.99501248 1.         0.99501248 0.98019867 0.95599748 0.92311635
  0.8824969  0.83527021 0.78270454]
 [0.98019867 0.99501248 1.         0.99501248 0.98019867 0.95599748
  0.92311635 0.8824969  0.83527021]
 [0.95599748 0.98019867 0.99501248 1.         0.99501248 0.98019867
  0.95599748 0.92311635 0.8824969 ]
 [0.92311635 0.95599748 0.98019867 0.99501248 1.         0.99501248
  0.98019867 0.95599748 0.92311635]
 [0.8824969  0.92311635 0.95599748 0.98019867 0.99501248 1.
  0.99501248 0.98019867 0.95599748]
 [0.83527021 0.8824969  0.92311635 0.95599748 0.98019867 0.99501248
  1.         0.99501248 0.98019867]
 [0.78270454 0.83527021 0.8824969  0.92311635 0.95599748 0.98019867
  0.99501248 1.         0.99501248]
 [0.72614904 0.78270454 0.83527021 0.8824969  0.92311635 0.95599748
  0.98019867 0.99501248 1.        ]]
2025-02-10 21:57:54,282 - INFO - Th\u1eddi gian x\u1eed lý (không song song): 0.2571 giây
2025-02-10 21:57:54,282 - INFO - Kich thuoc ma tran thua (COO): (3540, 3540)
2025-02-10 21:57:54,283 - INFO - Mau cua ma tran thua (COO) [du lieu, hang, cot]:
[1.         0.99501248 0.98019867 0.95599748 0.92311635 0.8824969
 0.83527021 0.78270454 0.72614904], [0 0 0 0 0 0 0 0 0], [0 1 2 3 4 5 6 7 8]
2025-02-10 21:57:54,293 - INFO - Tinh ma tran Laplace...
2025-02-10 21:57:54,421 - INFO - Kich thuoc ma tran duong cheo (D): (3540, 3540)
2025-02-10 21:57:54,421 - INFO - Mau cua D (9 phan tu dau):
[163.13126415 175.79777432 188.31179917 200.55355293 212.41060097
 223.78066425 234.57388706 244.71447619 254.14166125]
2025-02-10 21:57:54,422 - INFO - Kich thuoc ma tran Laplace (L): (3540, 3540)
2025-02-10 21:57:54,422 - INFO - Mau cua L (9x9 phan tu dau):
[[162.13126415  -0.99501248  -0.98019867  -0.95599748  -0.92311635
   -0.8824969   -0.83527021  -0.78270454  -0.72614904]
 [ -0.99501248 174.79777432  -0.99501248  -0.98019867  -0.95599748
   -0.92311635  -0.8824969   -0.83527021  -0.78270454]
 [ -0.98019867  -0.99501248 187.31179917  -0.99501248  -0.98019867
   -0.95599748  -0.92311635  -0.8824969   -0.83527021]
 [ -0.95599748  -0.98019867  -0.99501248 199.55355293  -0.99501248
   -0.98019867  -0.95599748  -0.92311635  -0.8824969 ]
 [ -0.92311635  -0.95599748  -0.98019867  -0.99501248 211.41060097
   -0.99501248  -0.98019867  -0.95599748  -0.92311635]
 [ -0.8824969   -0.92311635  -0.95599748  -0.98019867  -0.99501248
  222.78066425  -0.99501248  -0.98019867  -0.95599748]
 [ -0.83527021  -0.8824969   -0.92311635  -0.95599748  -0.98019867
   -0.99501248 233.57388706  -0.99501248  -0.98019867]
 [ -0.78270454  -0.83527021  -0.8824969   -0.92311635  -0.95599748
   -0.98019867  -0.99501248 243.71447619  -0.99501248]
 [ -0.72614904  -0.78270454  -0.83527021  -0.8824969   -0.92311635
   -0.95599748  -0.98019867  -0.99501248 253.14166125]]
2025-02-10 21:57:54,422 - INFO - Tinh vector rieng...
2025-02-10 21:58:02,859 - INFO - Gan nhan cho cac diem anh...
2025-02-10 21:58:02,863 - INFO - Nhan gan cho 27 pixel dau tien: [1 1 1 1 1 1 1 1 1 1 1 1 1 1 1 1 1 1 1 1 1 1 1 1 1 1 1]
2025-02-10 21:58:02,863 - INFO - Hien thi ket qua...
2025-02-10 21:58:02,863 - INFO - Thoi gian: 9.256144523620605 giay
2025-02-10 21:58:02,863 - INFO - Thoi gian COO: 0.6847121715545654 giay
2025-02-10 21:58:04,663 - INFO - Bat dau tinh ma tran trong so...
2025-02-10 21:58:04,663 - INFO - Kich thuoc anh: 59x60x3
2025-02-10 21:58:04,663 - INFO - Kich thuoc dac trung mau: (3540, 3), Kich thuoc toa do: (3540, 2)
2025-02-10 21:58:04,663 - INFO - Dac trung mau:
[[1. 1. 1.]
 [1. 1. 1.]
 [1. 1. 1.]
 [1. 1. 1.]
 [1. 1. 1.]
 [1. 1. 1.]
 [1. 1. 1.]
 [1. 1. 1.]
 [1. 1. 1.]]
2025-02-10 21:58:04,664 - INFO - Toa do:
[[0 0]
 [1 0]
 [2 0]
 [3 0]
 [4 0]
 [5 0]
 [6 0]
 [7 0]
 [8 0]]
2025-02-10 21:58:05,104 - INFO - Kich thuoc ma tran trong so (W): (3540, 3540)
2025-02-10 21:58:05,104 - INFO - Kich thuoc ma tran dac trung mau: (3540, 3540), Kich thuoc ma tran toa do: (3540, 3540)
2025-02-10 21:58:05,104 - INFO - Mau cua W_features (9x9 phan tu dau):
[[1. 1. 1. 1. 1. 1. 1. 1. 1.]
 [1. 1. 1. 1. 1. 1. 1. 1. 1.]
 [1. 1. 1. 1. 1. 1. 1. 1. 1.]
 [1. 1. 1. 1. 1. 1. 1. 1. 1.]
 [1. 1. 1. 1. 1. 1. 1. 1. 1.]
 [1. 1. 1. 1. 1. 1. 1. 1. 1.]
 [1. 1. 1. 1. 1. 1. 1. 1. 1.]
 [1. 1. 1. 1. 1. 1. 1. 1. 1.]
 [1. 1. 1. 1. 1. 1. 1. 1. 1.]]
2025-02-10 21:58:05,105 - INFO - Mau cua W_coords (9x9 phan tu dau):
[[1.         0.99501248 0.98019867 0.95599748 0.92311635 0.8824969
  0.83527021 0.78270454 0.72614904]
 [0.99501248 1.         0.99501248 0.98019867 0.95599748 0.92311635
  0.8824969  0.83527021 0.78270454]
 [0.98019867 0.99501248 1.         0.99501248 0.98019867 0.95599748
  0.92311635 0.8824969  0.83527021]
 [0.95599748 0.98019867 0.99501248 1.         0.99501248 0.98019867
  0.95599748 0.92311635 0.8824969 ]
 [0.92311635 0.95599748 0.98019867 0.99501248 1.         0.99501248
  0.98019867 0.95599748 0.92311635]
 [0.8824969  0.92311635 0.95599748 0.98019867 0.99501248 1.
  0.99501248 0.98019867 0.95599748]
 [0.83527021 0.8824969  0.92311635 0.95599748 0.98019867 0.99501248
  1.         0.99501248 0.98019867]
 [0.78270454 0.83527021 0.8824969  0.92311635 0.95599748 0.98019867
  0.99501248 1.         0.99501248]
 [0.72614904 0.78270454 0.83527021 0.8824969  0.92311635 0.95599748
  0.98019867 0.99501248 1.        ]]
2025-02-10 21:58:05,105 - INFO - Mau cua W (9x9 phan tu dau):
[[1.         0.99501248 0.98019867 0.95599748 0.92311635 0.8824969
  0.83527021 0.78270454 0.72614904]
 [0.99501248 1.         0.99501248 0.98019867 0.95599748 0.92311635
  0.8824969  0.83527021 0.78270454]
 [0.98019867 0.99501248 1.         0.99501248 0.98019867 0.95599748
  0.92311635 0.8824969  0.83527021]
 [0.95599748 0.98019867 0.99501248 1.         0.99501248 0.98019867
  0.95599748 0.92311635 0.8824969 ]
 [0.92311635 0.95599748 0.98019867 0.99501248 1.         0.99501248
  0.98019867 0.95599748 0.92311635]
 [0.8824969  0.92311635 0.95599748 0.98019867 0.99501248 1.
  0.99501248 0.98019867 0.95599748]
 [0.83527021 0.8824969  0.92311635 0.95599748 0.98019867 0.99501248
  1.         0.99501248 0.98019867]
 [0.78270454 0.83527021 0.8824969  0.92311635 0.95599748 0.98019867
  0.99501248 1.         0.99501248]
 [0.72614904 0.78270454 0.83527021 0.8824969  0.92311635 0.95599748
  0.98019867 0.99501248 1.        ]]
2025-02-10 21:58:05,362 - INFO - Th\u1eddi gian x\u1eed lý (không song song): 0.2566 giây
2025-02-10 21:58:05,362 - INFO - Kich thuoc ma tran thua (COO): (3540, 3540)
2025-02-10 21:58:05,363 - INFO - Mau cua ma tran thua (COO) [du lieu, hang, cot]:
[1.         0.99501248 0.98019867 0.95599748 0.92311635 0.8824969
 0.83527021 0.78270454 0.72614904], [0 0 0 0 0 0 0 0 0], [0 1 2 3 4 5 6 7 8]
2025-02-10 21:58:05,376 - INFO - Tinh ma tran Laplace...
2025-02-10 21:58:05,506 - INFO - Kich thuoc ma tran duong cheo (D): (3540, 3540)
2025-02-10 21:58:05,506 - INFO - Mau cua D (9 phan tu dau):
[163.13126415 175.79777432 188.31179917 200.55355293 212.41060097
 223.78066425 234.57388706 244.71447619 254.14166125]
2025-02-10 21:58:05,506 - INFO - Kich thuoc ma tran Laplace (L): (3540, 3540)
2025-02-10 21:58:05,506 - INFO - Mau cua L (9x9 phan tu dau):
[[162.13126415  -0.99501248  -0.98019867  -0.95599748  -0.92311635
   -0.8824969   -0.83527021  -0.78270454  -0.72614904]
 [ -0.99501248 174.79777432  -0.99501248  -0.98019867  -0.95599748
   -0.92311635  -0.8824969   -0.83527021  -0.78270454]
 [ -0.98019867  -0.99501248 187.31179917  -0.99501248  -0.98019867
   -0.95599748  -0.92311635  -0.8824969   -0.83527021]
 [ -0.95599748  -0.98019867  -0.99501248 199.55355293  -0.99501248
   -0.98019867  -0.95599748  -0.92311635  -0.8824969 ]
 [ -0.92311635  -0.95599748  -0.98019867  -0.99501248 211.41060097
   -0.99501248  -0.98019867  -0.95599748  -0.92311635]
 [ -0.8824969   -0.92311635  -0.95599748  -0.98019867  -0.99501248
  222.78066425  -0.99501248  -0.98019867  -0.95599748]
 [ -0.83527021  -0.8824969   -0.92311635  -0.95599748  -0.98019867
   -0.99501248 233.57388706  -0.99501248  -0.98019867]
 [ -0.78270454  -0.83527021  -0.8824969   -0.92311635  -0.95599748
   -0.98019867  -0.99501248 243.71447619  -0.99501248]
 [ -0.72614904  -0.78270454  -0.83527021  -0.8824969   -0.92311635
   -0.95599748  -0.98019867  -0.99501248 253.14166125]]
2025-02-10 21:58:05,507 - INFO - Tinh vector rieng...
2025-02-10 21:58:13,986 - INFO - Gan nhan cho cac diem anh...
2025-02-10 21:58:13,990 - INFO - Nhan gan cho 27 pixel dau tien: [1 1 1 1 1 1 1 1 1 1 1 1 1 1 1 1 1 1 1 1 1 1 1 1 1 1 1]
2025-02-10 21:58:13,991 - INFO - Hien thi ket qua...
2025-02-10 21:58:13,991 - INFO - Thoi gian: 9.32972264289856 giay
2025-02-10 21:58:13,991 - INFO - Thoi gian COO: 0.7133021354675293 giay
2025-02-10 21:58:15,373 - INFO - Bat dau tinh ma tran trong so...
2025-02-10 21:58:15,373 - INFO - Kich thuoc anh: 59x60x3
2025-02-10 21:58:15,373 - INFO - Kich thuoc dac trung mau: (3540, 3), Kich thuoc toa do: (3540, 2)
2025-02-10 21:58:15,373 - INFO - Dac trung mau:
[[1. 1. 1.]
 [1. 1. 1.]
 [1. 1. 1.]
 [1. 1. 1.]
 [1. 1. 1.]
 [1. 1. 1.]
 [1. 1. 1.]
 [1. 1. 1.]
 [1. 1. 1.]]
2025-02-10 21:58:15,374 - INFO - Toa do:
[[0 0]
 [1 0]
 [2 0]
 [3 0]
 [4 0]
 [5 0]
 [6 0]
 [7 0]
 [8 0]]
2025-02-10 21:58:15,823 - INFO - Kich thuoc ma tran trong so (W): (3540, 3540)
2025-02-10 21:58:15,823 - INFO - Kich thuoc ma tran dac trung mau: (3540, 3540), Kich thuoc ma tran toa do: (3540, 3540)
2025-02-10 21:58:15,824 - INFO - Mau cua W_features (9x9 phan tu dau):
[[1. 1. 1. 1. 1. 1. 1. 1. 1.]
 [1. 1. 1. 1. 1. 1. 1. 1. 1.]
 [1. 1. 1. 1. 1. 1. 1. 1. 1.]
 [1. 1. 1. 1. 1. 1. 1. 1. 1.]
 [1. 1. 1. 1. 1. 1. 1. 1. 1.]
 [1. 1. 1. 1. 1. 1. 1. 1. 1.]
 [1. 1. 1. 1. 1. 1. 1. 1. 1.]
 [1. 1. 1. 1. 1. 1. 1. 1. 1.]
 [1. 1. 1. 1. 1. 1. 1. 1. 1.]]
2025-02-10 21:58:15,824 - INFO - Mau cua W_coords (9x9 phan tu dau):
[[1.         0.99501248 0.98019867 0.95599748 0.92311635 0.8824969
  0.83527021 0.78270454 0.72614904]
 [0.99501248 1.         0.99501248 0.98019867 0.95599748 0.92311635
  0.8824969  0.83527021 0.78270454]
 [0.98019867 0.99501248 1.         0.99501248 0.98019867 0.95599748
  0.92311635 0.8824969  0.83527021]
 [0.95599748 0.98019867 0.99501248 1.         0.99501248 0.98019867
  0.95599748 0.92311635 0.8824969 ]
 [0.92311635 0.95599748 0.98019867 0.99501248 1.         0.99501248
  0.98019867 0.95599748 0.92311635]
 [0.8824969  0.92311635 0.95599748 0.98019867 0.99501248 1.
  0.99501248 0.98019867 0.95599748]
 [0.83527021 0.8824969  0.92311635 0.95599748 0.98019867 0.99501248
  1.         0.99501248 0.98019867]
 [0.78270454 0.83527021 0.8824969  0.92311635 0.95599748 0.98019867
  0.99501248 1.         0.99501248]
 [0.72614904 0.78270454 0.83527021 0.8824969  0.92311635 0.95599748
  0.98019867 0.99501248 1.        ]]
2025-02-10 21:58:15,825 - INFO - Mau cua W (9x9 phan tu dau):
[[1.         0.99501248 0.98019867 0.95599748 0.92311635 0.8824969
  0.83527021 0.78270454 0.72614904]
 [0.99501248 1.         0.99501248 0.98019867 0.95599748 0.92311635
  0.8824969  0.83527021 0.78270454]
 [0.98019867 0.99501248 1.         0.99501248 0.98019867 0.95599748
  0.92311635 0.8824969  0.83527021]
 [0.95599748 0.98019867 0.99501248 1.         0.99501248 0.98019867
  0.95599748 0.92311635 0.8824969 ]
 [0.92311635 0.95599748 0.98019867 0.99501248 1.         0.99501248
  0.98019867 0.95599748 0.92311635]
 [0.8824969  0.92311635 0.95599748 0.98019867 0.99501248 1.
  0.99501248 0.98019867 0.95599748]
 [0.83527021 0.8824969  0.92311635 0.95599748 0.98019867 0.99501248
  1.         0.99501248 0.98019867]
 [0.78270454 0.83527021 0.8824969  0.92311635 0.95599748 0.98019867
  0.99501248 1.         0.99501248]
 [0.72614904 0.78270454 0.83527021 0.8824969  0.92311635 0.95599748
  0.98019867 0.99501248 1.        ]]
2025-02-10 21:58:16,091 - INFO - Th\u1eddi gian x\u1eed lý (không song song): 0.2656 giây
2025-02-10 21:58:16,091 - INFO - Kich thuoc ma tran thua (COO): (3540, 3540)
2025-02-10 21:58:16,091 - INFO - Mau cua ma tran thua (COO) [du lieu, hang, cot]:
[1.         0.99501248 0.98019867 0.95599748 0.92311635 0.8824969
 0.83527021 0.78270454 0.72614904], [0 0 0 0 0 0 0 0 0], [0 1 2 3 4 5 6 7 8]
2025-02-10 21:58:16,104 - INFO - Tinh ma tran Laplace...
2025-02-10 21:58:16,231 - INFO - Kich thuoc ma tran duong cheo (D): (3540, 3540)
2025-02-10 21:58:16,241 - INFO - Mau cua D (9 phan tu dau):
[163.13126415 175.79777432 188.31179917 200.55355293 212.41060097
 223.78066425 234.57388706 244.71447619 254.14166125]
2025-02-10 21:58:16,241 - INFO - Kich thuoc ma tran Laplace (L): (3540, 3540)
2025-02-10 21:58:16,241 - INFO - Mau cua L (9x9 phan tu dau):
[[162.13126415  -0.99501248  -0.98019867  -0.95599748  -0.92311635
   -0.8824969   -0.83527021  -0.78270454  -0.72614904]
 [ -0.99501248 174.79777432  -0.99501248  -0.98019867  -0.95599748
   -0.92311635  -0.8824969   -0.83527021  -0.78270454]
 [ -0.98019867  -0.99501248 187.31179917  -0.99501248  -0.98019867
   -0.95599748  -0.92311635  -0.8824969   -0.83527021]
 [ -0.95599748  -0.98019867  -0.99501248 199.55355293  -0.99501248
   -0.98019867  -0.95599748  -0.92311635  -0.8824969 ]
 [ -0.92311635  -0.95599748  -0.98019867  -0.99501248 211.41060097
   -0.99501248  -0.98019867  -0.95599748  -0.92311635]
 [ -0.8824969   -0.92311635  -0.95599748  -0.98019867  -0.99501248
  222.78066425  -0.99501248  -0.98019867  -0.95599748]
 [ -0.83527021  -0.8824969   -0.92311635  -0.95599748  -0.98019867
   -0.99501248 233.57388706  -0.99501248  -0.98019867]
 [ -0.78270454  -0.83527021  -0.8824969   -0.92311635  -0.95599748
   -0.98019867  -0.99501248 243.71447619  -0.99501248]
 [ -0.72614904  -0.78270454  -0.83527021  -0.8824969   -0.92311635
   -0.95599748  -0.98019867  -0.99501248 253.14166125]]
2025-02-10 21:58:16,242 - INFO - Tinh vector rieng...
2025-02-10 21:58:24,722 - INFO - Gan nhan cho cac diem anh...
2025-02-10 21:58:24,726 - INFO - Nhan gan cho 27 pixel dau tien: [1 1 1 1 1 1 1 1 1 1 1 1 1 1 1 1 1 1 1 1 1 1 1 1 1 1 1]
2025-02-10 21:58:24,726 - INFO - Hien thi ket qua...
2025-02-10 21:58:24,726 - INFO - Thoi gian: 9.355129718780518 giay
2025-02-10 21:58:24,726 - INFO - Thoi gian COO: 0.7308149337768555 giay
