2025-01-22 12:12:07,187 - INFO - Determining optimal k from histogram...
2025-01-22 12:12:07,188 - INFO - Optimal k determined: 2
2025-01-22 12:12:07,188 - INFO - Bat dau tinh ma tran trong so...
2025-01-22 12:12:07,188 - INFO - Kich thuoc anh: 59x60x3
2025-01-22 12:12:07,188 - INFO - Kich thuoc dac trung mau: (3540, 3), Kich thuoc toa do: (3540, 2)
2025-01-22 12:12:07,188 - INFO - Dac trung mau:
[[1. 1. 1.]
 [1. 1. 1.]
 [1. 1. 1.]
 [1. 1. 1.]
 [1. 1. 1.]
 [1. 1. 1.]
 [1. 1. 1.]
 [1. 1. 1.]
 [1. 1. 1.]]
2025-01-22 12:12:07,188 - INFO - Toa do:
[[0 0]
 [1 0]
 [2 0]
 [3 0]
 [4 0]
 [5 0]
 [6 0]
 [7 0]
 [8 0]]
2025-01-22 12:12:07,616 - INFO - Kich thuoc ma tran trong so (W): (3540, 3540)
2025-01-22 12:12:07,616 - INFO - Kich thuoc ma tran dac trung mau: (3540, 3540), Kich thuoc ma tran toa do: (3540, 3540)
2025-01-22 12:12:07,617 - INFO - Mau cua W_features (9x9 phan tu dau):
[[1. 1. 1. 1. 1. 1. 1. 1. 1.]
 [1. 1. 1. 1. 1. 1. 1. 1. 1.]
 [1. 1. 1. 1. 1. 1. 1. 1. 1.]
 [1. 1. 1. 1. 1. 1. 1. 1. 1.]
 [1. 1. 1. 1. 1. 1. 1. 1. 1.]
 [1. 1. 1. 1. 1. 1. 1. 1. 1.]
 [1. 1. 1. 1. 1. 1. 1. 1. 1.]
 [1. 1. 1. 1. 1. 1. 1. 1. 1.]
 [1. 1. 1. 1. 1. 1. 1. 1. 1.]]
2025-01-22 12:12:07,617 - INFO - Mau cua W_coords (9x9 phan tu dau):
[[1.         0.99501248 0.98019867 0.95599748 0.92311635 0.8824969
  0.83527021 0.78270454 0.72614904]
 [0.99501248 1.         0.99501248 0.98019867 0.95599748 0.92311635
  0.8824969  0.83527021 0.78270454]
 [0.98019867 0.99501248 1.         0.99501248 0.98019867 0.95599748
  0.92311635 0.8824969  0.83527021]
 [0.95599748 0.98019867 0.99501248 1.         0.99501248 0.98019867
  0.95599748 0.92311635 0.8824969 ]
 [0.92311635 0.95599748 0.98019867 0.99501248 1.         0.99501248
  0.98019867 0.95599748 0.92311635]
 [0.8824969  0.92311635 0.95599748 0.98019867 0.99501248 1.
  0.99501248 0.98019867 0.95599748]
 [0.83527021 0.8824969  0.92311635 0.95599748 0.98019867 0.99501248
  1.         0.99501248 0.98019867]
 [0.78270454 0.83527021 0.8824969  0.92311635 0.95599748 0.98019867
  0.99501248 1.         0.99501248]
 [0.72614904 0.78270454 0.83527021 0.8824969  0.92311635 0.95599748
  0.98019867 0.99501248 1.        ]]
2025-01-22 12:12:07,617 - INFO - Mau cua W (9x9 phan tu dau):
[[1.         0.99501248 0.98019867 0.95599748 0.92311635 0.8824969
  0.83527021 0.78270454 0.72614904]
 [0.99501248 1.         0.99501248 0.98019867 0.95599748 0.92311635
  0.8824969  0.83527021 0.78270454]
 [0.98019867 0.99501248 1.         0.99501248 0.98019867 0.95599748
  0.92311635 0.8824969  0.83527021]
 [0.95599748 0.98019867 0.99501248 1.         0.99501248 0.98019867
  0.95599748 0.92311635 0.8824969 ]
 [0.92311635 0.95599748 0.98019867 0.99501248 1.         0.99501248
  0.98019867 0.95599748 0.92311635]
 [0.8824969  0.92311635 0.95599748 0.98019867 0.99501248 1.
  0.99501248 0.98019867 0.95599748]
 [0.83527021 0.8824969  0.92311635 0.95599748 0.98019867 0.99501248
  1.         0.99501248 0.98019867]
 [0.78270454 0.83527021 0.8824969  0.92311635 0.95599748 0.98019867
  0.99501248 1.         0.99501248]
 [0.72614904 0.78270454 0.83527021 0.8824969  0.92311635 0.95599748
  0.98019867 0.99501248 1.        ]]
2025-01-22 12:12:07,999 - INFO - Kich thuoc ma tran thua (COO): (3540, 3540)
2025-01-22 12:12:08,000 - INFO - Mau cua ma tran thua (COO) [du lieu, hang, cot]:
[1.         0.99501248 0.98019867 0.95599748 0.92311635 0.8824969
 0.83527021 0.78270454 0.72614904], [0 0 0 0 0 0 0 0 0], [0 1 2 3 4 5 6 7 8]
2025-01-22 12:12:08,015 - INFO - Tinh ma tran Laplace...
2025-01-22 12:12:08,169 - INFO - Kich thuoc ma tran duong cheo (D): (3540, 3540)
2025-01-22 12:12:08,170 - INFO - Mau cua D (9 phan tu dau):
[163.13126415 175.79777432 188.31179917 200.55355293 212.41060097
 223.78066425 234.57388706 244.71447619 254.14166125]
2025-01-22 12:12:08,170 - INFO - Kich thuoc ma tran Laplace (L): (3540, 3540)
2025-01-22 12:12:08,170 - INFO - Mau cua L (9x9 phan tu dau):
[[162.13126415  -0.99501248  -0.98019867  -0.95599748  -0.92311635
   -0.8824969   -0.83527021  -0.78270454  -0.72614904]
 [ -0.99501248 174.79777432  -0.99501248  -0.98019867  -0.95599748
   -0.92311635  -0.8824969   -0.83527021  -0.78270454]
 [ -0.98019867  -0.99501248 187.31179917  -0.99501248  -0.98019867
   -0.95599748  -0.92311635  -0.8824969   -0.83527021]
 [ -0.95599748  -0.98019867  -0.99501248 199.55355293  -0.99501248
   -0.98019867  -0.95599748  -0.92311635  -0.8824969 ]
 [ -0.92311635  -0.95599748  -0.98019867  -0.99501248 211.41060097
   -0.99501248  -0.98019867  -0.95599748  -0.92311635]
 [ -0.8824969   -0.92311635  -0.95599748  -0.98019867  -0.99501248
  222.78066425  -0.99501248  -0.98019867  -0.95599748]
 [ -0.83527021  -0.8824969   -0.92311635  -0.95599748  -0.98019867
   -0.99501248 233.57388706  -0.99501248  -0.98019867]
 [ -0.78270454  -0.83527021  -0.8824969   -0.92311635  -0.95599748
   -0.98019867  -0.99501248 243.71447619  -0.99501248]
 [ -0.72614904  -0.78270454  -0.83527021  -0.8824969   -0.92311635
   -0.95599748  -0.98019867  -0.99501248 253.14166125]]
2025-01-22 12:12:08,171 - INFO - Tinh vector rieng...
2025-01-22 12:12:10,340 - INFO - Gan nhan cho cac diem anh...
2025-01-22 12:12:10,558 - INFO - Nhan gan cho 27 pixel dau tien: [1 1 1 1 1 1 1 1 1 1 1 1 1 1 1 1 1 1 1 1 1 1 1 1 1 1 1]
2025-01-22 12:12:10,558 - INFO - Hien thi ket qua...
2025-01-22 12:12:10,558 - INFO - Thoi gian: 3.381453275680542 giay
2025-01-22 12:12:12,166 - INFO - Determining optimal k from histogram...
2025-01-22 12:12:12,168 - INFO - Optimal k determined: 2
2025-01-22 12:12:12,168 - INFO - Bat dau tinh ma tran trong so...
2025-01-22 12:12:12,168 - INFO - Kich thuoc anh: 59x60x3
2025-01-22 12:12:12,168 - INFO - Kich thuoc dac trung mau: (3540, 3), Kich thuoc toa do: (3540, 2)
2025-01-22 12:12:12,169 - INFO - Dac trung mau:
[[1. 1. 1.]
 [1. 1. 1.]
 [1. 1. 1.]
 [1. 1. 1.]
 [1. 1. 1.]
 [1. 1. 1.]
 [1. 1. 1.]
 [1. 1. 1.]
 [1. 1. 1.]]
2025-01-22 12:12:12,169 - INFO - Toa do:
[[0 0]
 [1 0]
 [2 0]
 [3 0]
 [4 0]
 [5 0]
 [6 0]
 [7 0]
 [8 0]]
2025-01-22 12:12:12,734 - INFO - Kich thuoc ma tran trong so (W): (3540, 3540)
2025-01-22 12:12:12,734 - INFO - Kich thuoc ma tran dac trung mau: (3540, 3540), Kich thuoc ma tran toa do: (3540, 3540)
2025-01-22 12:12:12,734 - INFO - Mau cua W_features (9x9 phan tu dau):
[[1. 1. 1. 1. 1. 1. 1. 1. 1.]
 [1. 1. 1. 1. 1. 1. 1. 1. 1.]
 [1. 1. 1. 1. 1. 1. 1. 1. 1.]
 [1. 1. 1. 1. 1. 1. 1. 1. 1.]
 [1. 1. 1. 1. 1. 1. 1. 1. 1.]
 [1. 1. 1. 1. 1. 1. 1. 1. 1.]
 [1. 1. 1. 1. 1. 1. 1. 1. 1.]
 [1. 1. 1. 1. 1. 1. 1. 1. 1.]
 [1. 1. 1. 1. 1. 1. 1. 1. 1.]]
2025-01-22 12:12:12,735 - INFO - Mau cua W_coords (9x9 phan tu dau):
[[1.         0.99501248 0.98019867 0.95599748 0.92311635 0.8824969
  0.83527021 0.78270454 0.72614904]
 [0.99501248 1.         0.99501248 0.98019867 0.95599748 0.92311635
  0.8824969  0.83527021 0.78270454]
 [0.98019867 0.99501248 1.         0.99501248 0.98019867 0.95599748
  0.92311635 0.8824969  0.83527021]
 [0.95599748 0.98019867 0.99501248 1.         0.99501248 0.98019867
  0.95599748 0.92311635 0.8824969 ]
 [0.92311635 0.95599748 0.98019867 0.99501248 1.         0.99501248
  0.98019867 0.95599748 0.92311635]
 [0.8824969  0.92311635 0.95599748 0.98019867 0.99501248 1.
  0.99501248 0.98019867 0.95599748]
 [0.83527021 0.8824969  0.92311635 0.95599748 0.98019867 0.99501248
  1.         0.99501248 0.98019867]
 [0.78270454 0.83527021 0.8824969  0.92311635 0.95599748 0.98019867
  0.99501248 1.         0.99501248]
 [0.72614904 0.78270454 0.83527021 0.8824969  0.92311635 0.95599748
  0.98019867 0.99501248 1.        ]]
2025-01-22 12:12:12,735 - INFO - Mau cua W (9x9 phan tu dau):
[[1.         0.99501248 0.98019867 0.95599748 0.92311635 0.8824969
  0.83527021 0.78270454 0.72614904]
 [0.99501248 1.         0.99501248 0.98019867 0.95599748 0.92311635
  0.8824969  0.83527021 0.78270454]
 [0.98019867 0.99501248 1.         0.99501248 0.98019867 0.95599748
  0.92311635 0.8824969  0.83527021]
 [0.95599748 0.98019867 0.99501248 1.         0.99501248 0.98019867
  0.95599748 0.92311635 0.8824969 ]
 [0.92311635 0.95599748 0.98019867 0.99501248 1.         0.99501248
  0.98019867 0.95599748 0.92311635]
 [0.8824969  0.92311635 0.95599748 0.98019867 0.99501248 1.
  0.99501248 0.98019867 0.95599748]
 [0.83527021 0.8824969  0.92311635 0.95599748 0.98019867 0.99501248
  1.         0.99501248 0.98019867]
 [0.78270454 0.83527021 0.8824969  0.92311635 0.95599748 0.98019867
  0.99501248 1.         0.99501248]
 [0.72614904 0.78270454 0.83527021 0.8824969  0.92311635 0.95599748
  0.98019867 0.99501248 1.        ]]
2025-01-22 12:12:13,096 - INFO - Kich thuoc ma tran thua (COO): (3540, 3540)
2025-01-22 12:12:13,096 - INFO - Mau cua ma tran thua (COO) [du lieu, hang, cot]:
[1.         0.99501248 0.98019867 0.95599748 0.92311635 0.8824969
 0.83527021 0.78270454 0.72614904], [0 0 0 0 0 0 0 0 0], [0 1 2 3 4 5 6 7 8]
2025-01-22 12:12:13,106 - INFO - Tinh ma tran Laplace...
2025-01-22 12:12:13,268 - INFO - Kich thuoc ma tran duong cheo (D): (3540, 3540)
2025-01-22 12:12:13,269 - INFO - Mau cua D (9 phan tu dau):
[163.13126415 175.79777432 188.31179917 200.55355293 212.41060097
 223.78066425 234.57388706 244.71447619 254.14166125]
2025-01-22 12:12:13,269 - INFO - Kich thuoc ma tran Laplace (L): (3540, 3540)
2025-01-22 12:12:13,269 - INFO - Mau cua L (9x9 phan tu dau):
[[162.13126415  -0.99501248  -0.98019867  -0.95599748  -0.92311635
   -0.8824969   -0.83527021  -0.78270454  -0.72614904]
 [ -0.99501248 174.79777432  -0.99501248  -0.98019867  -0.95599748
   -0.92311635  -0.8824969   -0.83527021  -0.78270454]
 [ -0.98019867  -0.99501248 187.31179917  -0.99501248  -0.98019867
   -0.95599748  -0.92311635  -0.8824969   -0.83527021]
 [ -0.95599748  -0.98019867  -0.99501248 199.55355293  -0.99501248
   -0.98019867  -0.95599748  -0.92311635  -0.8824969 ]
 [ -0.92311635  -0.95599748  -0.98019867  -0.99501248 211.41060097
   -0.99501248  -0.98019867  -0.95599748  -0.92311635]
 [ -0.8824969   -0.92311635  -0.95599748  -0.98019867  -0.99501248
  222.78066425  -0.99501248  -0.98019867  -0.95599748]
 [ -0.83527021  -0.8824969   -0.92311635  -0.95599748  -0.98019867
   -0.99501248 233.57388706  -0.99501248  -0.98019867]
 [ -0.78270454  -0.83527021  -0.8824969   -0.92311635  -0.95599748
   -0.98019867  -0.99501248 243.71447619  -0.99501248]
 [ -0.72614904  -0.78270454  -0.83527021  -0.8824969   -0.92311635
   -0.95599748  -0.98019867  -0.99501248 253.14166125]]
2025-01-22 12:12:13,270 - INFO - Tinh vector rieng...
2025-01-22 12:12:15,060 - INFO - Gan nhan cho cac diem anh...
2025-01-22 12:12:15,065 - INFO - Nhan gan cho 27 pixel dau tien: [1 1 1 1 1 1 1 1 1 1 1 1 1 1 1 1 1 1 1 1 1 1 1 1 1 1 1]
2025-01-22 12:12:15,065 - INFO - Hien thi ket qua...
2025-01-22 12:12:15,065 - INFO - Thoi gian: 2.9022464752197266 giay
2025-01-22 12:12:16,486 - INFO - Determining optimal k from histogram...
2025-01-22 12:12:16,487 - INFO - Optimal k determined: 2
2025-01-22 12:12:16,487 - INFO - Bat dau tinh ma tran trong so...
2025-01-22 12:12:16,487 - INFO - Kich thuoc anh: 59x60x3
2025-01-22 12:12:16,487 - INFO - Kich thuoc dac trung mau: (3540, 3), Kich thuoc toa do: (3540, 2)
2025-01-22 12:12:16,488 - INFO - Dac trung mau:
[[1. 1. 1.]
 [1. 1. 1.]
 [1. 1. 1.]
 [1. 1. 1.]
 [1. 1. 1.]
 [1. 1. 1.]
 [1. 1. 1.]
 [1. 1. 1.]
 [1. 1. 1.]]
2025-01-22 12:12:16,488 - INFO - Toa do:
[[0 0]
 [1 0]
 [2 0]
 [3 0]
 [4 0]
 [5 0]
 [6 0]
 [7 0]
 [8 0]]
2025-01-22 12:12:17,095 - INFO - Kich thuoc ma tran trong so (W): (3540, 3540)
2025-01-22 12:12:17,095 - INFO - Kich thuoc ma tran dac trung mau: (3540, 3540), Kich thuoc ma tran toa do: (3540, 3540)
2025-01-22 12:12:17,096 - INFO - Mau cua W_features (9x9 phan tu dau):
[[1. 1. 1. 1. 1. 1. 1. 1. 1.]
 [1. 1. 1. 1. 1. 1. 1. 1. 1.]
 [1. 1. 1. 1. 1. 1. 1. 1. 1.]
 [1. 1. 1. 1. 1. 1. 1. 1. 1.]
 [1. 1. 1. 1. 1. 1. 1. 1. 1.]
 [1. 1. 1. 1. 1. 1. 1. 1. 1.]
 [1. 1. 1. 1. 1. 1. 1. 1. 1.]
 [1. 1. 1. 1. 1. 1. 1. 1. 1.]
 [1. 1. 1. 1. 1. 1. 1. 1. 1.]]
2025-01-22 12:12:17,097 - INFO - Mau cua W_coords (9x9 phan tu dau):
[[1.         0.99501248 0.98019867 0.95599748 0.92311635 0.8824969
  0.83527021 0.78270454 0.72614904]
 [0.99501248 1.         0.99501248 0.98019867 0.95599748 0.92311635
  0.8824969  0.83527021 0.78270454]
 [0.98019867 0.99501248 1.         0.99501248 0.98019867 0.95599748
  0.92311635 0.8824969  0.83527021]
 [0.95599748 0.98019867 0.99501248 1.         0.99501248 0.98019867
  0.95599748 0.92311635 0.8824969 ]
 [0.92311635 0.95599748 0.98019867 0.99501248 1.         0.99501248
  0.98019867 0.95599748 0.92311635]
 [0.8824969  0.92311635 0.95599748 0.98019867 0.99501248 1.
  0.99501248 0.98019867 0.95599748]
 [0.83527021 0.8824969  0.92311635 0.95599748 0.98019867 0.99501248
  1.         0.99501248 0.98019867]
 [0.78270454 0.83527021 0.8824969  0.92311635 0.95599748 0.98019867
  0.99501248 1.         0.99501248]
 [0.72614904 0.78270454 0.83527021 0.8824969  0.92311635 0.95599748
  0.98019867 0.99501248 1.        ]]
2025-01-22 12:12:17,097 - INFO - Mau cua W (9x9 phan tu dau):
[[1.         0.99501248 0.98019867 0.95599748 0.92311635 0.8824969
  0.83527021 0.78270454 0.72614904]
 [0.99501248 1.         0.99501248 0.98019867 0.95599748 0.92311635
  0.8824969  0.83527021 0.78270454]
 [0.98019867 0.99501248 1.         0.99501248 0.98019867 0.95599748
  0.92311635 0.8824969  0.83527021]
 [0.95599748 0.98019867 0.99501248 1.         0.99501248 0.98019867
  0.95599748 0.92311635 0.8824969 ]
 [0.92311635 0.95599748 0.98019867 0.99501248 1.         0.99501248
  0.98019867 0.95599748 0.92311635]
 [0.8824969  0.92311635 0.95599748 0.98019867 0.99501248 1.
  0.99501248 0.98019867 0.95599748]
 [0.83527021 0.8824969  0.92311635 0.95599748 0.98019867 0.99501248
  1.         0.99501248 0.98019867]
 [0.78270454 0.83527021 0.8824969  0.92311635 0.95599748 0.98019867
  0.99501248 1.         0.99501248]
 [0.72614904 0.78270454 0.83527021 0.8824969  0.92311635 0.95599748
  0.98019867 0.99501248 1.        ]]
2025-01-22 12:12:17,463 - INFO - Kich thuoc ma tran thua (COO): (3540, 3540)
2025-01-22 12:12:17,464 - INFO - Mau cua ma tran thua (COO) [du lieu, hang, cot]:
[1.         0.99501248 0.98019867 0.95599748 0.92311635 0.8824969
 0.83527021 0.78270454 0.72614904], [0 0 0 0 0 0 0 0 0], [0 1 2 3 4 5 6 7 8]
2025-01-22 12:12:17,480 - INFO - Tinh ma tran Laplace...
2025-01-22 12:12:17,681 - INFO - Kich thuoc ma tran duong cheo (D): (3540, 3540)
2025-01-22 12:12:17,681 - INFO - Mau cua D (9 phan tu dau):
[163.13126415 175.79777432 188.31179917 200.55355293 212.41060097
 223.78066425 234.57388706 244.71447619 254.14166125]
2025-01-22 12:12:17,682 - INFO - Kich thuoc ma tran Laplace (L): (3540, 3540)
2025-01-22 12:12:17,682 - INFO - Mau cua L (9x9 phan tu dau):
[[162.13126415  -0.99501248  -0.98019867  -0.95599748  -0.92311635
   -0.8824969   -0.83527021  -0.78270454  -0.72614904]
 [ -0.99501248 174.79777432  -0.99501248  -0.98019867  -0.95599748
   -0.92311635  -0.8824969   -0.83527021  -0.78270454]
 [ -0.98019867  -0.99501248 187.31179917  -0.99501248  -0.98019867
   -0.95599748  -0.92311635  -0.8824969   -0.83527021]
 [ -0.95599748  -0.98019867  -0.99501248 199.55355293  -0.99501248
   -0.98019867  -0.95599748  -0.92311635  -0.8824969 ]
 [ -0.92311635  -0.95599748  -0.98019867  -0.99501248 211.41060097
   -0.99501248  -0.98019867  -0.95599748  -0.92311635]
 [ -0.8824969   -0.92311635  -0.95599748  -0.98019867  -0.99501248
  222.78066425  -0.99501248  -0.98019867  -0.95599748]
 [ -0.83527021  -0.8824969   -0.92311635  -0.95599748  -0.98019867
   -0.99501248 233.57388706  -0.99501248  -0.98019867]
 [ -0.78270454  -0.83527021  -0.8824969   -0.92311635  -0.95599748
   -0.98019867  -0.99501248 243.71447619  -0.99501248]
 [ -0.72614904  -0.78270454  -0.83527021  -0.8824969   -0.92311635
   -0.95599748  -0.98019867  -0.99501248 253.14166125]]
2025-01-22 12:12:17,682 - INFO - Tinh vector rieng...
2025-01-22 12:12:19,894 - INFO - Gan nhan cho cac diem anh...
2025-01-22 12:12:19,906 - INFO - Nhan gan cho 27 pixel dau tien: [1 1 1 1 1 1 1 1 1 1 1 1 1 1 1 1 1 1 1 1 1 1 1 1 1 1 1]
2025-01-22 12:12:19,906 - INFO - Hien thi ket qua...
2025-01-22 12:12:19,906 - INFO - Thoi gian: 3.423056125640869 giay
