2025-02-07 11:32:14,225 - INFO - Bat dau tinh ma tran trong so...
2025-02-07 11:32:14,225 - INFO - Kich thuoc anh: 98x100x3
2025-02-07 11:32:14,225 - INFO - Kich thuoc dac trung mau: (9800, 3), Kich thuoc toa do: (9800, 2)
2025-02-07 11:32:14,225 - INFO - Dac trung mau:
[[1. 1. 1.]
 [1. 1. 1.]
 [1. 1. 1.]
 [1. 1. 1.]
 [1. 1. 1.]
 [1. 1. 1.]
 [1. 1. 1.]
 [1. 1. 1.]
 [1. 1. 1.]]
2025-02-07 11:32:14,225 - INFO - Toa do:
[[0 0]
 [1 0]
 [2 0]
 [3 0]
 [4 0]
 [5 0]
 [6 0]
 [7 0]
 [8 0]]
2025-02-07 11:32:17,524 - INFO - Kich thuoc ma tran trong so (W): (9800, 9800)
2025-02-07 11:32:17,524 - INFO - Kich thuoc ma tran dac trung mau: (9800, 9800), Kich thuoc ma tran toa do: (9800, 9800)
2025-02-07 11:32:17,524 - INFO - Mau cua W_features (9x9 phan tu dau):
[[1. 1. 1. 1. 1. 1. 1. 1. 1.]
 [1. 1. 1. 1. 1. 1. 1. 1. 1.]
 [1. 1. 1. 1. 1. 1. 1. 1. 1.]
 [1. 1. 1. 1. 1. 1. 1. 1. 1.]
 [1. 1. 1. 1. 1. 1. 1. 1. 1.]
 [1. 1. 1. 1. 1. 1. 1. 1. 1.]
 [1. 1. 1. 1. 1. 1. 1. 1. 1.]
 [1. 1. 1. 1. 1. 1. 1. 1. 1.]
 [1. 1. 1. 1. 1. 1. 1. 1. 1.]]
2025-02-07 11:32:17,541 - INFO - Mau cua W_coords (9x9 phan tu dau):
[[1.         0.99501248 0.98019867 0.95599748 0.92311635 0.8824969
  0.83527021 0.78270454 0.72614904]
 [0.99501248 1.         0.99501248 0.98019867 0.95599748 0.92311635
  0.8824969  0.83527021 0.78270454]
 [0.98019867 0.99501248 1.         0.99501248 0.98019867 0.95599748
  0.92311635 0.8824969  0.83527021]
 [0.95599748 0.98019867 0.99501248 1.         0.99501248 0.98019867
  0.95599748 0.92311635 0.8824969 ]
 [0.92311635 0.95599748 0.98019867 0.99501248 1.         0.99501248
  0.98019867 0.95599748 0.92311635]
 [0.8824969  0.92311635 0.95599748 0.98019867 0.99501248 1.
  0.99501248 0.98019867 0.95599748]
 [0.83527021 0.8824969  0.92311635 0.95599748 0.98019867 0.99501248
  1.         0.99501248 0.98019867]
 [0.78270454 0.83527021 0.8824969  0.92311635 0.95599748 0.98019867
  0.99501248 1.         0.99501248]
 [0.72614904 0.78270454 0.83527021 0.8824969  0.92311635 0.95599748
  0.98019867 0.99501248 1.        ]]
2025-02-07 11:32:17,541 - INFO - Mau cua W (9x9 phan tu dau):
[[1.         0.99501248 0.98019867 0.95599748 0.92311635 0.8824969
  0.83527021 0.78270454 0.72614904]
 [0.99501248 1.         0.99501248 0.98019867 0.95599748 0.92311635
  0.8824969  0.83527021 0.78270454]
 [0.98019867 0.99501248 1.         0.99501248 0.98019867 0.95599748
  0.92311635 0.8824969  0.83527021]
 [0.95599748 0.98019867 0.99501248 1.         0.99501248 0.98019867
  0.95599748 0.92311635 0.8824969 ]
 [0.92311635 0.95599748 0.98019867 0.99501248 1.         0.99501248
  0.98019867 0.95599748 0.92311635]
 [0.8824969  0.92311635 0.95599748 0.98019867 0.99501248 1.
  0.99501248 0.98019867 0.95599748]
 [0.83527021 0.8824969  0.92311635 0.95599748 0.98019867 0.99501248
  1.         0.99501248 0.98019867]
 [0.78270454 0.83527021 0.8824969  0.92311635 0.95599748 0.98019867
  0.99501248 1.         0.99501248]
 [0.72614904 0.78270454 0.83527021 0.8824969  0.92311635 0.95599748
  0.98019867 0.99501248 1.        ]]
2025-02-07 11:32:17,587 - INFO - Tinh ma tran Laplace...
2025-02-07 11:32:18,011 - INFO - Kich thuoc ma tran duong cheo (D): (9800, 9800)
2025-02-07 11:32:18,026 - INFO - Mau cua D (9x9 phan tu dau):
[[147.80452214   0.           0.           0.           0.
    0.           0.           0.           0.        ]
 [  0.         159.98162611   0.           0.           0.
    0.           0.           0.           0.        ]
 [  0.           0.         172.14297343   0.           0.
    0.           0.           0.           0.        ]
 [  0.           0.           0.         184.18042003   0.
    0.           0.           0.           0.        ]
 [  0.           0.           0.           0.         195.99016062
    0.           0.           0.           0.        ]
 [  0.           0.           0.           0.           0.
  207.4754227    0.           0.           0.        ]
 [  0.           0.           0.           0.           0.
    0.         218.54880763   0.           0.        ]
 [  0.           0.           0.           0.           0.
    0.           0.         229.13418658   0.        ]
 [  0.           0.           0.           0.           0.
    0.           0.           0.         239.16808894]]
2025-02-07 11:32:18,026 - INFO - Kich thuoc ma tran Laplace (L): (9800, 9800)
2025-02-07 11:32:18,026 - INFO - Mau cua L (9x9 phan tu dau):
[[146.80452214  -0.99501248  -0.98019867  -0.95599748  -0.92311635
   -0.8824969   -0.83527021  -0.78270454  -0.72614904]
 [ -0.99501248 158.98162611  -0.99501248  -0.98019867  -0.95599748
   -0.92311635  -0.8824969   -0.83527021  -0.78270454]
 [ -0.98019867  -0.99501248 171.14297343  -0.99501248  -0.98019867
   -0.95599748  -0.92311635  -0.8824969   -0.83527021]
 [ -0.95599748  -0.98019867  -0.99501248 183.18042003  -0.99501248
   -0.98019867  -0.95599748  -0.92311635  -0.8824969 ]
 [ -0.92311635  -0.95599748  -0.98019867  -0.99501248 194.99016062
   -0.99501248  -0.98019867  -0.95599748  -0.92311635]
 [ -0.8824969   -0.92311635  -0.95599748  -0.98019867  -0.99501248
  206.4754227   -0.99501248  -0.98019867  -0.95599748]
 [ -0.83527021  -0.8824969   -0.92311635  -0.95599748  -0.98019867
   -0.99501248 217.54880763  -0.99501248  -0.98019867]
 [ -0.78270454  -0.83527021  -0.8824969   -0.92311635  -0.95599748
   -0.98019867  -0.99501248 228.13418658  -0.99501248]
 [ -0.72614904  -0.78270454  -0.83527021  -0.8824969   -0.92311635
   -0.95599748  -0.98019867  -0.99501248 238.16808894]]
2025-02-07 11:32:18,026 - INFO - Tinh vector rieng...
2025-02-07 11:34:07,908 - INFO - Tri rieng (Eigenvalues): [5.88152009e-17 9.27768649e-06 5.02174674e-04]
2025-02-07 11:34:07,908 - INFO - Kich thuoc vector rieng: (9800, 3)
2025-02-07 11:34:07,908 - INFO - Mau cua vector rieng (9 hang dau):
[[5.69108033e-04 4.15394295e-04 1.22352178e-05]
 [5.69108033e-04 4.15394463e-04 1.22370806e-05]
 [5.69108033e-04 4.15394648e-04 1.22391020e-05]
 [5.69108033e-04 4.15394848e-04 1.22412931e-05]
 [5.69108033e-04 4.15395067e-04 1.22436649e-05]
 [5.69108033e-04 4.15395304e-04 1.22462284e-05]
 [5.69108033e-04 4.15395560e-04 1.22489943e-05]
 [5.69108033e-04 4.15395837e-04 1.22519726e-05]
 [5.69108033e-04 4.15396134e-04 1.22551728e-05]]
2025-02-07 11:34:07,908 - INFO - Gan nhan cho cac diem anh...
2025-02-07 11:34:08,060 - INFO - Nhan gan cho 27 pixel dau tien: [2 2 2 2 2 2 2 2 2 2 2 2 2 2 2 2 2 2 2 2 2 2 2 2 2 2 2]
2025-02-07 11:34:08,060 - INFO - Hien thi ket qua...
2025-02-07 11:34:08,060 - INFO - Thoi gian: 113.85461378097534 giay
2025-02-07 11:34:10,610 - INFO - Bat dau tinh ma tran trong so...
2025-02-07 11:34:10,610 - INFO - Kich thuoc anh: 98x100x3
2025-02-07 11:34:10,610 - INFO - Kich thuoc dac trung mau: (9800, 3), Kich thuoc toa do: (9800, 2)
2025-02-07 11:34:10,610 - INFO - Dac trung mau:
[[1. 1. 1.]
 [1. 1. 1.]
 [1. 1. 1.]
 [1. 1. 1.]
 [1. 1. 1.]
 [1. 1. 1.]
 [1. 1. 1.]
 [1. 1. 1.]
 [1. 1. 1.]]
2025-02-07 11:34:10,610 - INFO - Toa do:
[[0 0]
 [1 0]
 [2 0]
 [3 0]
 [4 0]
 [5 0]
 [6 0]
 [7 0]
 [8 0]]
2025-02-07 11:34:13,832 - INFO - Kich thuoc ma tran trong so (W): (9800, 9800)
2025-02-07 11:34:13,832 - INFO - Kich thuoc ma tran dac trung mau: (9800, 9800), Kich thuoc ma tran toa do: (9800, 9800)
2025-02-07 11:34:13,832 - INFO - Mau cua W_features (9x9 phan tu dau):
[[1. 1. 1. 1. 1. 1. 1. 1. 1.]
 [1. 1. 1. 1. 1. 1. 1. 1. 1.]
 [1. 1. 1. 1. 1. 1. 1. 1. 1.]
 [1. 1. 1. 1. 1. 1. 1. 1. 1.]
 [1. 1. 1. 1. 1. 1. 1. 1. 1.]
 [1. 1. 1. 1. 1. 1. 1. 1. 1.]
 [1. 1. 1. 1. 1. 1. 1. 1. 1.]
 [1. 1. 1. 1. 1. 1. 1. 1. 1.]
 [1. 1. 1. 1. 1. 1. 1. 1. 1.]]
2025-02-07 11:34:13,832 - INFO - Mau cua W_coords (9x9 phan tu dau):
[[1.         0.99501248 0.98019867 0.95599748 0.92311635 0.8824969
  0.83527021 0.78270454 0.72614904]
 [0.99501248 1.         0.99501248 0.98019867 0.95599748 0.92311635
  0.8824969  0.83527021 0.78270454]
 [0.98019867 0.99501248 1.         0.99501248 0.98019867 0.95599748
  0.92311635 0.8824969  0.83527021]
 [0.95599748 0.98019867 0.99501248 1.         0.99501248 0.98019867
  0.95599748 0.92311635 0.8824969 ]
 [0.92311635 0.95599748 0.98019867 0.99501248 1.         0.99501248
  0.98019867 0.95599748 0.92311635]
 [0.8824969  0.92311635 0.95599748 0.98019867 0.99501248 1.
  0.99501248 0.98019867 0.95599748]
 [0.83527021 0.8824969  0.92311635 0.95599748 0.98019867 0.99501248
  1.         0.99501248 0.98019867]
 [0.78270454 0.83527021 0.8824969  0.92311635 0.95599748 0.98019867
  0.99501248 1.         0.99501248]
 [0.72614904 0.78270454 0.83527021 0.8824969  0.92311635 0.95599748
  0.98019867 0.99501248 1.        ]]
2025-02-07 11:34:13,832 - INFO - Mau cua W (9x9 phan tu dau):
[[1.         0.99501248 0.98019867 0.95599748 0.92311635 0.8824969
  0.83527021 0.78270454 0.72614904]
 [0.99501248 1.         0.99501248 0.98019867 0.95599748 0.92311635
  0.8824969  0.83527021 0.78270454]
 [0.98019867 0.99501248 1.         0.99501248 0.98019867 0.95599748
  0.92311635 0.8824969  0.83527021]
 [0.95599748 0.98019867 0.99501248 1.         0.99501248 0.98019867
  0.95599748 0.92311635 0.8824969 ]
 [0.92311635 0.95599748 0.98019867 0.99501248 1.         0.99501248
  0.98019867 0.95599748 0.92311635]
 [0.8824969  0.92311635 0.95599748 0.98019867 0.99501248 1.
  0.99501248 0.98019867 0.95599748]
 [0.83527021 0.8824969  0.92311635 0.95599748 0.98019867 0.99501248
  1.         0.99501248 0.98019867]
 [0.78270454 0.83527021 0.8824969  0.92311635 0.95599748 0.98019867
  0.99501248 1.         0.99501248]
 [0.72614904 0.78270454 0.83527021 0.8824969  0.92311635 0.95599748
  0.98019867 0.99501248 1.        ]]
2025-02-07 11:34:13,879 - INFO - Tinh ma tran Laplace...
2025-02-07 11:34:14,318 - INFO - Kich thuoc ma tran duong cheo (D): (9800, 9800)
2025-02-07 11:34:14,318 - INFO - Mau cua D (9x9 phan tu dau):
[[147.80452214   0.           0.           0.           0.
    0.           0.           0.           0.        ]
 [  0.         159.98162611   0.           0.           0.
    0.           0.           0.           0.        ]
 [  0.           0.         172.14297343   0.           0.
    0.           0.           0.           0.        ]
 [  0.           0.           0.         184.18042003   0.
    0.           0.           0.           0.        ]
 [  0.           0.           0.           0.         195.99016062
    0.           0.           0.           0.        ]
 [  0.           0.           0.           0.           0.
  207.4754227    0.           0.           0.        ]
 [  0.           0.           0.           0.           0.
    0.         218.54880763   0.           0.        ]
 [  0.           0.           0.           0.           0.
    0.           0.         229.13418658   0.        ]
 [  0.           0.           0.           0.           0.
    0.           0.           0.         239.16808894]]
2025-02-07 11:34:14,318 - INFO - Kich thuoc ma tran Laplace (L): (9800, 9800)
2025-02-07 11:34:14,318 - INFO - Mau cua L (9x9 phan tu dau):
[[146.80452214  -0.99501248  -0.98019867  -0.95599748  -0.92311635
   -0.8824969   -0.83527021  -0.78270454  -0.72614904]
 [ -0.99501248 158.98162611  -0.99501248  -0.98019867  -0.95599748
   -0.92311635  -0.8824969   -0.83527021  -0.78270454]
 [ -0.98019867  -0.99501248 171.14297343  -0.99501248  -0.98019867
   -0.95599748  -0.92311635  -0.8824969   -0.83527021]
 [ -0.95599748  -0.98019867  -0.99501248 183.18042003  -0.99501248
   -0.98019867  -0.95599748  -0.92311635  -0.8824969 ]
 [ -0.92311635  -0.95599748  -0.98019867  -0.99501248 194.99016062
   -0.99501248  -0.98019867  -0.95599748  -0.92311635]
 [ -0.8824969   -0.92311635  -0.95599748  -0.98019867  -0.99501248
  206.4754227   -0.99501248  -0.98019867  -0.95599748]
 [ -0.83527021  -0.8824969   -0.92311635  -0.95599748  -0.98019867
   -0.99501248 217.54880763  -0.99501248  -0.98019867]
 [ -0.78270454  -0.83527021  -0.8824969   -0.92311635  -0.95599748
   -0.98019867  -0.99501248 228.13418658  -0.99501248]
 [ -0.72614904  -0.78270454  -0.83527021  -0.8824969   -0.92311635
   -0.95599748  -0.98019867  -0.99501248 238.16808894]]
2025-02-07 11:34:14,318 - INFO - Tinh vector rieng...
2025-02-07 11:35:43,142 - INFO - Tri rieng (Eigenvalues): [-2.07764828e-16  9.27768649e-06  5.02174674e-04]
2025-02-07 11:35:43,142 - INFO - Kich thuoc vector rieng: (9800, 3)
2025-02-07 11:35:43,142 - INFO - Mau cua vector rieng (9 hang dau):
[[ 5.69108033e-04  4.15394295e-04 -1.22352178e-05]
 [ 5.69108033e-04  4.15394463e-04 -1.22370806e-05]
 [ 5.69108033e-04  4.15394648e-04 -1.22391020e-05]
 [ 5.69108033e-04  4.15394848e-04 -1.22412931e-05]
 [ 5.69108033e-04  4.15395067e-04 -1.22436649e-05]
 [ 5.69108033e-04  4.15395304e-04 -1.22462284e-05]
 [ 5.69108033e-04  4.15395560e-04 -1.22489943e-05]
 [ 5.69108033e-04  4.15395837e-04 -1.22519726e-05]
 [ 5.69108033e-04  4.15396134e-04 -1.22551728e-05]]
2025-02-07 11:35:43,142 - INFO - Gan nhan cho cac diem anh...
2025-02-07 11:35:43,153 - INFO - Nhan gan cho 27 pixel dau tien: [2 2 2 2 2 2 2 2 2 2 2 2 2 2 2 2 2 2 2 2 2 2 2 2 2 2 2]
2025-02-07 11:35:43,153 - INFO - Hien thi ket qua...
2025-02-07 11:35:43,153 - INFO - Thoi gian: 92.54418158531189 giay
2025-02-07 11:35:45,449 - INFO - Bat dau tinh ma tran trong so...
2025-02-07 11:35:45,449 - INFO - Kich thuoc anh: 98x100x3
2025-02-07 11:35:45,449 - INFO - Kich thuoc dac trung mau: (9800, 3), Kich thuoc toa do: (9800, 2)
2025-02-07 11:35:45,449 - INFO - Dac trung mau:
[[1. 1. 1.]
 [1. 1. 1.]
 [1. 1. 1.]
 [1. 1. 1.]
 [1. 1. 1.]
 [1. 1. 1.]
 [1. 1. 1.]
 [1. 1. 1.]
 [1. 1. 1.]]
2025-02-07 11:35:45,449 - INFO - Toa do:
[[0 0]
 [1 0]
 [2 0]
 [3 0]
 [4 0]
 [5 0]
 [6 0]
 [7 0]
 [8 0]]
2025-02-07 11:35:48,619 - INFO - Kich thuoc ma tran trong so (W): (9800, 9800)
2025-02-07 11:35:48,619 - INFO - Kich thuoc ma tran dac trung mau: (9800, 9800), Kich thuoc ma tran toa do: (9800, 9800)
2025-02-07 11:35:48,619 - INFO - Mau cua W_features (9x9 phan tu dau):
[[1. 1. 1. 1. 1. 1. 1. 1. 1.]
 [1. 1. 1. 1. 1. 1. 1. 1. 1.]
 [1. 1. 1. 1. 1. 1. 1. 1. 1.]
 [1. 1. 1. 1. 1. 1. 1. 1. 1.]
 [1. 1. 1. 1. 1. 1. 1. 1. 1.]
 [1. 1. 1. 1. 1. 1. 1. 1. 1.]
 [1. 1. 1. 1. 1. 1. 1. 1. 1.]
 [1. 1. 1. 1. 1. 1. 1. 1. 1.]
 [1. 1. 1. 1. 1. 1. 1. 1. 1.]]
2025-02-07 11:35:48,619 - INFO - Mau cua W_coords (9x9 phan tu dau):
[[1.         0.99501248 0.98019867 0.95599748 0.92311635 0.8824969
  0.83527021 0.78270454 0.72614904]
 [0.99501248 1.         0.99501248 0.98019867 0.95599748 0.92311635
  0.8824969  0.83527021 0.78270454]
 [0.98019867 0.99501248 1.         0.99501248 0.98019867 0.95599748
  0.92311635 0.8824969  0.83527021]
 [0.95599748 0.98019867 0.99501248 1.         0.99501248 0.98019867
  0.95599748 0.92311635 0.8824969 ]
 [0.92311635 0.95599748 0.98019867 0.99501248 1.         0.99501248
  0.98019867 0.95599748 0.92311635]
 [0.8824969  0.92311635 0.95599748 0.98019867 0.99501248 1.
  0.99501248 0.98019867 0.95599748]
 [0.83527021 0.8824969  0.92311635 0.95599748 0.98019867 0.99501248
  1.         0.99501248 0.98019867]
 [0.78270454 0.83527021 0.8824969  0.92311635 0.95599748 0.98019867
  0.99501248 1.         0.99501248]
 [0.72614904 0.78270454 0.83527021 0.8824969  0.92311635 0.95599748
  0.98019867 0.99501248 1.        ]]
2025-02-07 11:35:48,619 - INFO - Mau cua W (9x9 phan tu dau):
[[1.         0.99501248 0.98019867 0.95599748 0.92311635 0.8824969
  0.83527021 0.78270454 0.72614904]
 [0.99501248 1.         0.99501248 0.98019867 0.95599748 0.92311635
  0.8824969  0.83527021 0.78270454]
 [0.98019867 0.99501248 1.         0.99501248 0.98019867 0.95599748
  0.92311635 0.8824969  0.83527021]
 [0.95599748 0.98019867 0.99501248 1.         0.99501248 0.98019867
  0.95599748 0.92311635 0.8824969 ]
 [0.92311635 0.95599748 0.98019867 0.99501248 1.         0.99501248
  0.98019867 0.95599748 0.92311635]
 [0.8824969  0.92311635 0.95599748 0.98019867 0.99501248 1.
  0.99501248 0.98019867 0.95599748]
 [0.83527021 0.8824969  0.92311635 0.95599748 0.98019867 0.99501248
  1.         0.99501248 0.98019867]
 [0.78270454 0.83527021 0.8824969  0.92311635 0.95599748 0.98019867
  0.99501248 1.         0.99501248]
 [0.72614904 0.78270454 0.83527021 0.8824969  0.92311635 0.95599748
  0.98019867 0.99501248 1.        ]]
2025-02-07 11:35:48,666 - INFO - Tinh ma tran Laplace...
2025-02-07 11:35:49,105 - INFO - Kich thuoc ma tran duong cheo (D): (9800, 9800)
2025-02-07 11:35:49,105 - INFO - Mau cua D (9x9 phan tu dau):
[[147.80452214   0.           0.           0.           0.
    0.           0.           0.           0.        ]
 [  0.         159.98162611   0.           0.           0.
    0.           0.           0.           0.        ]
 [  0.           0.         172.14297343   0.           0.
    0.           0.           0.           0.        ]
 [  0.           0.           0.         184.18042003   0.
    0.           0.           0.           0.        ]
 [  0.           0.           0.           0.         195.99016062
    0.           0.           0.           0.        ]
 [  0.           0.           0.           0.           0.
  207.4754227    0.           0.           0.        ]
 [  0.           0.           0.           0.           0.
    0.         218.54880763   0.           0.        ]
 [  0.           0.           0.           0.           0.
    0.           0.         229.13418658   0.        ]
 [  0.           0.           0.           0.           0.
    0.           0.           0.         239.16808894]]
2025-02-07 11:35:49,105 - INFO - Kich thuoc ma tran Laplace (L): (9800, 9800)
2025-02-07 11:35:49,105 - INFO - Mau cua L (9x9 phan tu dau):
[[146.80452214  -0.99501248  -0.98019867  -0.95599748  -0.92311635
   -0.8824969   -0.83527021  -0.78270454  -0.72614904]
 [ -0.99501248 158.98162611  -0.99501248  -0.98019867  -0.95599748
   -0.92311635  -0.8824969   -0.83527021  -0.78270454]
 [ -0.98019867  -0.99501248 171.14297343  -0.99501248  -0.98019867
   -0.95599748  -0.92311635  -0.8824969   -0.83527021]
 [ -0.95599748  -0.98019867  -0.99501248 183.18042003  -0.99501248
   -0.98019867  -0.95599748  -0.92311635  -0.8824969 ]
 [ -0.92311635  -0.95599748  -0.98019867  -0.99501248 194.99016062
   -0.99501248  -0.98019867  -0.95599748  -0.92311635]
 [ -0.8824969   -0.92311635  -0.95599748  -0.98019867  -0.99501248
  206.4754227   -0.99501248  -0.98019867  -0.95599748]
 [ -0.83527021  -0.8824969   -0.92311635  -0.95599748  -0.98019867
   -0.99501248 217.54880763  -0.99501248  -0.98019867]
 [ -0.78270454  -0.83527021  -0.8824969   -0.92311635  -0.95599748
   -0.98019867  -0.99501248 228.13418658  -0.99501248]
 [ -0.72614904  -0.78270454  -0.83527021  -0.8824969   -0.92311635
   -0.95599748  -0.98019867  -0.99501248 238.16808894]]
2025-02-07 11:35:49,105 - INFO - Tinh vector rieng...
2025-02-07 11:37:29,710 - INFO - Tri rieng (Eigenvalues): [2.94135969e-16 9.27768649e-06 5.02174674e-04]
2025-02-07 11:37:29,710 - INFO - Kich thuoc vector rieng: (9800, 3)
2025-02-07 11:37:29,710 - INFO - Mau cua vector rieng (9 hang dau):
[[-5.69108033e-04  4.15394295e-04  1.22352178e-05]
 [-5.69108033e-04  4.15394463e-04  1.22370806e-05]
 [-5.69108033e-04  4.15394648e-04  1.22391020e-05]
 [-5.69108033e-04  4.15394848e-04  1.22412931e-05]
 [-5.69108033e-04  4.15395067e-04  1.22436649e-05]
 [-5.69108033e-04  4.15395304e-04  1.22462284e-05]
 [-5.69108033e-04  4.15395560e-04  1.22489943e-05]
 [-5.69108033e-04  4.15395837e-04  1.22519726e-05]
 [-5.69108033e-04  4.15396134e-04  1.22551728e-05]]
2025-02-07 11:37:29,710 - INFO - Gan nhan cho cac diem anh...
2025-02-07 11:37:29,721 - INFO - Nhan gan cho 27 pixel dau tien: [2 2 2 2 2 2 2 2 2 2 2 2 2 2 2 2 2 2 2 2 2 2 2 2 2 2 2]
2025-02-07 11:37:29,721 - INFO - Hien thi ket qua...
2025-02-07 11:37:29,721 - INFO - Thoi gian: 104.274001121521 giay
2025-02-07 11:37:31,908 - INFO - Bat dau tinh ma tran trong so...
2025-02-07 11:37:31,908 - INFO - Kich thuoc anh: 98x100x3
2025-02-07 11:37:31,908 - INFO - Kich thuoc dac trung mau: (9800, 3), Kich thuoc toa do: (9800, 2)
2025-02-07 11:37:31,908 - INFO - Dac trung mau:
[[1. 1. 1.]
 [1. 1. 1.]
 [1. 1. 1.]
 [1. 1. 1.]
 [1. 1. 1.]
 [1. 1. 1.]
 [1. 1. 1.]
 [1. 1. 1.]
 [1. 1. 1.]]
2025-02-07 11:37:31,908 - INFO - Toa do:
[[0 0]
 [1 0]
 [2 0]
 [3 0]
 [4 0]
 [5 0]
 [6 0]
 [7 0]
 [8 0]]
2025-02-07 11:37:35,092 - INFO - Kich thuoc ma tran trong so (W): (9800, 9800)
2025-02-07 11:37:35,092 - INFO - Kich thuoc ma tran dac trung mau: (9800, 9800), Kich thuoc ma tran toa do: (9800, 9800)
2025-02-07 11:37:35,092 - INFO - Mau cua W_features (9x9 phan tu dau):
[[1. 1. 1. 1. 1. 1. 1. 1. 1.]
 [1. 1. 1. 1. 1. 1. 1. 1. 1.]
 [1. 1. 1. 1. 1. 1. 1. 1. 1.]
 [1. 1. 1. 1. 1. 1. 1. 1. 1.]
 [1. 1. 1. 1. 1. 1. 1. 1. 1.]
 [1. 1. 1. 1. 1. 1. 1. 1. 1.]
 [1. 1. 1. 1. 1. 1. 1. 1. 1.]
 [1. 1. 1. 1. 1. 1. 1. 1. 1.]
 [1. 1. 1. 1. 1. 1. 1. 1. 1.]]
2025-02-07 11:37:35,092 - INFO - Mau cua W_coords (9x9 phan tu dau):
[[1.         0.99501248 0.98019867 0.95599748 0.92311635 0.8824969
  0.83527021 0.78270454 0.72614904]
 [0.99501248 1.         0.99501248 0.98019867 0.95599748 0.92311635
  0.8824969  0.83527021 0.78270454]
 [0.98019867 0.99501248 1.         0.99501248 0.98019867 0.95599748
  0.92311635 0.8824969  0.83527021]
 [0.95599748 0.98019867 0.99501248 1.         0.99501248 0.98019867
  0.95599748 0.92311635 0.8824969 ]
 [0.92311635 0.95599748 0.98019867 0.99501248 1.         0.99501248
  0.98019867 0.95599748 0.92311635]
 [0.8824969  0.92311635 0.95599748 0.98019867 0.99501248 1.
  0.99501248 0.98019867 0.95599748]
 [0.83527021 0.8824969  0.92311635 0.95599748 0.98019867 0.99501248
  1.         0.99501248 0.98019867]
 [0.78270454 0.83527021 0.8824969  0.92311635 0.95599748 0.98019867
  0.99501248 1.         0.99501248]
 [0.72614904 0.78270454 0.83527021 0.8824969  0.92311635 0.95599748
  0.98019867 0.99501248 1.        ]]
2025-02-07 11:37:35,092 - INFO - Mau cua W (9x9 phan tu dau):
[[1.         0.99501248 0.98019867 0.95599748 0.92311635 0.8824969
  0.83527021 0.78270454 0.72614904]
 [0.99501248 1.         0.99501248 0.98019867 0.95599748 0.92311635
  0.8824969  0.83527021 0.78270454]
 [0.98019867 0.99501248 1.         0.99501248 0.98019867 0.95599748
  0.92311635 0.8824969  0.83527021]
 [0.95599748 0.98019867 0.99501248 1.         0.99501248 0.98019867
  0.95599748 0.92311635 0.8824969 ]
 [0.92311635 0.95599748 0.98019867 0.99501248 1.         0.99501248
  0.98019867 0.95599748 0.92311635]
 [0.8824969  0.92311635 0.95599748 0.98019867 0.99501248 1.
  0.99501248 0.98019867 0.95599748]
 [0.83527021 0.8824969  0.92311635 0.95599748 0.98019867 0.99501248
  1.         0.99501248 0.98019867]
 [0.78270454 0.83527021 0.8824969  0.92311635 0.95599748 0.98019867
  0.99501248 1.         0.99501248]
 [0.72614904 0.78270454 0.83527021 0.8824969  0.92311635 0.95599748
  0.98019867 0.99501248 1.        ]]
2025-02-07 11:37:35,140 - INFO - Tinh ma tran Laplace...
2025-02-07 11:37:35,563 - INFO - Kich thuoc ma tran duong cheo (D): (9800, 9800)
2025-02-07 11:37:35,563 - INFO - Mau cua D (9x9 phan tu dau):
[[147.80452214   0.           0.           0.           0.
    0.           0.           0.           0.        ]
 [  0.         159.98162611   0.           0.           0.
    0.           0.           0.           0.        ]
 [  0.           0.         172.14297343   0.           0.
    0.           0.           0.           0.        ]
 [  0.           0.           0.         184.18042003   0.
    0.           0.           0.           0.        ]
 [  0.           0.           0.           0.         195.99016062
    0.           0.           0.           0.        ]
 [  0.           0.           0.           0.           0.
  207.4754227    0.           0.           0.        ]
 [  0.           0.           0.           0.           0.
    0.         218.54880763   0.           0.        ]
 [  0.           0.           0.           0.           0.
    0.           0.         229.13418658   0.        ]
 [  0.           0.           0.           0.           0.
    0.           0.           0.         239.16808894]]
2025-02-07 11:37:35,563 - INFO - Kich thuoc ma tran Laplace (L): (9800, 9800)
2025-02-07 11:37:35,563 - INFO - Mau cua L (9x9 phan tu dau):
[[146.80452214  -0.99501248  -0.98019867  -0.95599748  -0.92311635
   -0.8824969   -0.83527021  -0.78270454  -0.72614904]
 [ -0.99501248 158.98162611  -0.99501248  -0.98019867  -0.95599748
   -0.92311635  -0.8824969   -0.83527021  -0.78270454]
 [ -0.98019867  -0.99501248 171.14297343  -0.99501248  -0.98019867
   -0.95599748  -0.92311635  -0.8824969   -0.83527021]
 [ -0.95599748  -0.98019867  -0.99501248 183.18042003  -0.99501248
   -0.98019867  -0.95599748  -0.92311635  -0.8824969 ]
 [ -0.92311635  -0.95599748  -0.98019867  -0.99501248 194.99016062
   -0.99501248  -0.98019867  -0.95599748  -0.92311635]
 [ -0.8824969   -0.92311635  -0.95599748  -0.98019867  -0.99501248
  206.4754227   -0.99501248  -0.98019867  -0.95599748]
 [ -0.83527021  -0.8824969   -0.92311635  -0.95599748  -0.98019867
   -0.99501248 217.54880763  -0.99501248  -0.98019867]
 [ -0.78270454  -0.83527021  -0.8824969   -0.92311635  -0.95599748
   -0.98019867  -0.99501248 228.13418658  -0.99501248]
 [ -0.72614904  -0.78270454  -0.83527021  -0.8824969   -0.92311635
   -0.95599748  -0.98019867  -0.99501248 238.16808894]]
2025-02-07 11:37:35,563 - INFO - Tinh vector rieng...
2025-02-07 11:39:22,514 - INFO - Tri rieng (Eigenvalues): [7.14136121e-17 9.27768649e-06 5.02174674e-04]
2025-02-07 11:39:22,514 - INFO - Kich thuoc vector rieng: (9800, 3)
2025-02-07 11:39:22,514 - INFO - Mau cua vector rieng (9 hang dau):
[[-5.69108033e-04 -4.15394295e-04 -1.22352178e-05]
 [-5.69108033e-04 -4.15394463e-04 -1.22370806e-05]
 [-5.69108033e-04 -4.15394648e-04 -1.22391020e-05]
 [-5.69108033e-04 -4.15394848e-04 -1.22412931e-05]
 [-5.69108033e-04 -4.15395067e-04 -1.22436649e-05]
 [-5.69108033e-04 -4.15395304e-04 -1.22462284e-05]
 [-5.69108033e-04 -4.15395560e-04 -1.22489943e-05]
 [-5.69108033e-04 -4.15395837e-04 -1.22519726e-05]
 [-5.69108033e-04 -4.15396134e-04 -1.22551728e-05]]
2025-02-07 11:39:22,514 - INFO - Gan nhan cho cac diem anh...
2025-02-07 11:39:22,530 - INFO - Nhan gan cho 27 pixel dau tien: [2 2 2 2 2 2 2 2 2 2 2 2 2 2 2 2 2 2 2 2 2 2 2 2 2 2 2]
2025-02-07 11:39:22,530 - INFO - Hien thi ket qua...
2025-02-07 11:39:22,530 - INFO - Thoi gian: 110.6222403049469 giay
2025-02-07 11:39:25,004 - INFO - Bat dau tinh ma tran trong so...
2025-02-07 11:39:25,004 - INFO - Kich thuoc anh: 98x100x3
2025-02-07 11:39:25,004 - INFO - Kich thuoc dac trung mau: (9800, 3), Kich thuoc toa do: (9800, 2)
2025-02-07 11:39:25,005 - INFO - Dac trung mau:
[[1. 1. 1.]
 [1. 1. 1.]
 [1. 1. 1.]
 [1. 1. 1.]
 [1. 1. 1.]
 [1. 1. 1.]
 [1. 1. 1.]
 [1. 1. 1.]
 [1. 1. 1.]]
2025-02-07 11:39:25,005 - INFO - Toa do:
[[0 0]
 [1 0]
 [2 0]
 [3 0]
 [4 0]
 [5 0]
 [6 0]
 [7 0]
 [8 0]]
2025-02-07 11:39:28,177 - INFO - Kich thuoc ma tran trong so (W): (9800, 9800)
2025-02-07 11:39:28,177 - INFO - Kich thuoc ma tran dac trung mau: (9800, 9800), Kich thuoc ma tran toa do: (9800, 9800)
2025-02-07 11:39:28,177 - INFO - Mau cua W_features (9x9 phan tu dau):
[[1. 1. 1. 1. 1. 1. 1. 1. 1.]
 [1. 1. 1. 1. 1. 1. 1. 1. 1.]
 [1. 1. 1. 1. 1. 1. 1. 1. 1.]
 [1. 1. 1. 1. 1. 1. 1. 1. 1.]
 [1. 1. 1. 1. 1. 1. 1. 1. 1.]
 [1. 1. 1. 1. 1. 1. 1. 1. 1.]
 [1. 1. 1. 1. 1. 1. 1. 1. 1.]
 [1. 1. 1. 1. 1. 1. 1. 1. 1.]
 [1. 1. 1. 1. 1. 1. 1. 1. 1.]]
2025-02-07 11:39:28,177 - INFO - Mau cua W_coords (9x9 phan tu dau):
[[1.         0.99501248 0.98019867 0.95599748 0.92311635 0.8824969
  0.83527021 0.78270454 0.72614904]
 [0.99501248 1.         0.99501248 0.98019867 0.95599748 0.92311635
  0.8824969  0.83527021 0.78270454]
 [0.98019867 0.99501248 1.         0.99501248 0.98019867 0.95599748
  0.92311635 0.8824969  0.83527021]
 [0.95599748 0.98019867 0.99501248 1.         0.99501248 0.98019867
  0.95599748 0.92311635 0.8824969 ]
 [0.92311635 0.95599748 0.98019867 0.99501248 1.         0.99501248
  0.98019867 0.95599748 0.92311635]
 [0.8824969  0.92311635 0.95599748 0.98019867 0.99501248 1.
  0.99501248 0.98019867 0.95599748]
 [0.83527021 0.8824969  0.92311635 0.95599748 0.98019867 0.99501248
  1.         0.99501248 0.98019867]
 [0.78270454 0.83527021 0.8824969  0.92311635 0.95599748 0.98019867
  0.99501248 1.         0.99501248]
 [0.72614904 0.78270454 0.83527021 0.8824969  0.92311635 0.95599748
  0.98019867 0.99501248 1.        ]]
2025-02-07 11:39:28,177 - INFO - Mau cua W (9x9 phan tu dau):
[[1.         0.99501248 0.98019867 0.95599748 0.92311635 0.8824969
  0.83527021 0.78270454 0.72614904]
 [0.99501248 1.         0.99501248 0.98019867 0.95599748 0.92311635
  0.8824969  0.83527021 0.78270454]
 [0.98019867 0.99501248 1.         0.99501248 0.98019867 0.95599748
  0.92311635 0.8824969  0.83527021]
 [0.95599748 0.98019867 0.99501248 1.         0.99501248 0.98019867
  0.95599748 0.92311635 0.8824969 ]
 [0.92311635 0.95599748 0.98019867 0.99501248 1.         0.99501248
  0.98019867 0.95599748 0.92311635]
 [0.8824969  0.92311635 0.95599748 0.98019867 0.99501248 1.
  0.99501248 0.98019867 0.95599748]
 [0.83527021 0.8824969  0.92311635 0.95599748 0.98019867 0.99501248
  1.         0.99501248 0.98019867]
 [0.78270454 0.83527021 0.8824969  0.92311635 0.95599748 0.98019867
  0.99501248 1.         0.99501248]
 [0.72614904 0.78270454 0.83527021 0.8824969  0.92311635 0.95599748
  0.98019867 0.99501248 1.        ]]
2025-02-07 11:39:28,224 - INFO - Tinh ma tran Laplace...
2025-02-07 11:39:28,647 - INFO - Kich thuoc ma tran duong cheo (D): (9800, 9800)
2025-02-07 11:39:28,647 - INFO - Mau cua D (9x9 phan tu dau):
[[147.80452214   0.           0.           0.           0.
    0.           0.           0.           0.        ]
 [  0.         159.98162611   0.           0.           0.
    0.           0.           0.           0.        ]
 [  0.           0.         172.14297343   0.           0.
    0.           0.           0.           0.        ]
 [  0.           0.           0.         184.18042003   0.
    0.           0.           0.           0.        ]
 [  0.           0.           0.           0.         195.99016062
    0.           0.           0.           0.        ]
 [  0.           0.           0.           0.           0.
  207.4754227    0.           0.           0.        ]
 [  0.           0.           0.           0.           0.
    0.         218.54880763   0.           0.        ]
 [  0.           0.           0.           0.           0.
    0.           0.         229.13418658   0.        ]
 [  0.           0.           0.           0.           0.
    0.           0.           0.         239.16808894]]
2025-02-07 11:39:28,647 - INFO - Kich thuoc ma tran Laplace (L): (9800, 9800)
2025-02-07 11:39:28,647 - INFO - Mau cua L (9x9 phan tu dau):
[[146.80452214  -0.99501248  -0.98019867  -0.95599748  -0.92311635
   -0.8824969   -0.83527021  -0.78270454  -0.72614904]
 [ -0.99501248 158.98162611  -0.99501248  -0.98019867  -0.95599748
   -0.92311635  -0.8824969   -0.83527021  -0.78270454]
 [ -0.98019867  -0.99501248 171.14297343  -0.99501248  -0.98019867
   -0.95599748  -0.92311635  -0.8824969   -0.83527021]
 [ -0.95599748  -0.98019867  -0.99501248 183.18042003  -0.99501248
   -0.98019867  -0.95599748  -0.92311635  -0.8824969 ]
 [ -0.92311635  -0.95599748  -0.98019867  -0.99501248 194.99016062
   -0.99501248  -0.98019867  -0.95599748  -0.92311635]
 [ -0.8824969   -0.92311635  -0.95599748  -0.98019867  -0.99501248
  206.4754227   -0.99501248  -0.98019867  -0.95599748]
 [ -0.83527021  -0.8824969   -0.92311635  -0.95599748  -0.98019867
   -0.99501248 217.54880763  -0.99501248  -0.98019867]
 [ -0.78270454  -0.83527021  -0.8824969   -0.92311635  -0.95599748
   -0.98019867  -0.99501248 228.13418658  -0.99501248]
 [ -0.72614904  -0.78270454  -0.83527021  -0.8824969   -0.92311635
   -0.95599748  -0.98019867  -0.99501248 238.16808894]]
2025-02-07 11:39:28,647 - INFO - Tinh vector rieng...
2025-02-07 11:41:07,355 - INFO - Tri rieng (Eigenvalues): [-2.81993625e-17  9.27768649e-06  5.02174674e-04]
2025-02-07 11:41:07,355 - INFO - Kich thuoc vector rieng: (9800, 3)
2025-02-07 11:41:07,355 - INFO - Mau cua vector rieng (9 hang dau):
[[-5.69108033e-04 -4.15394295e-04 -1.22352178e-05]
 [-5.69108033e-04 -4.15394463e-04 -1.22370806e-05]
 [-5.69108033e-04 -4.15394648e-04 -1.22391020e-05]
 [-5.69108033e-04 -4.15394848e-04 -1.22412931e-05]
 [-5.69108033e-04 -4.15395067e-04 -1.22436649e-05]
 [-5.69108033e-04 -4.15395304e-04 -1.22462284e-05]
 [-5.69108033e-04 -4.15395560e-04 -1.22489943e-05]
 [-5.69108033e-04 -4.15395837e-04 -1.22519726e-05]
 [-5.69108033e-04 -4.15396134e-04 -1.22551728e-05]]
2025-02-07 11:41:07,355 - INFO - Gan nhan cho cac diem anh...
2025-02-07 11:41:07,375 - INFO - Nhan gan cho 27 pixel dau tien: [2 2 2 2 2 2 2 2 2 2 2 2 2 2 2 2 2 2 2 2 2 2 2 2 2 2 2]
2025-02-07 11:41:07,375 - INFO - Hien thi ket qua...
2025-02-07 11:41:07,375 - INFO - Thoi gian: 102.37206292152405 giay
