2025-02-07 10:56:52,306 - INFO - Bat dau tinh ma tran trong so...
2025-02-07 10:56:52,307 - INFO - Kich thuoc anh: 59x60x3
2025-02-07 10:56:52,307 - INFO - Kich thuoc dac trung mau: (3540, 3), Kich thuoc toa do: (3540, 2)
2025-02-07 10:56:52,308 - INFO - Dac trung mau:
[[1. 1. 1.]
 [1. 1. 1.]
 [1. 1. 1.]
 [1. 1. 1.]
 [1. 1. 1.]
 [1. 1. 1.]
 [1. 1. 1.]
 [1. 1. 1.]
 [1. 1. 1.]]
2025-02-07 10:56:52,308 - INFO - Toa do:
[[0 0]
 [1 0]
 [2 0]
 [3 0]
 [4 0]
 [5 0]
 [6 0]
 [7 0]
 [8 0]]
2025-02-07 10:56:52,731 - INFO - Kich thuoc ma tran trong so (W): (3540, 3540)
2025-02-07 10:56:52,731 - INFO - Kich thuoc ma tran dac trung mau: (3540, 3540), Kich thuoc ma tran toa do: (3540, 3540)
2025-02-07 10:56:52,731 - INFO - Mau cua W_features (9x9 phan tu dau):
[[1. 1. 1. 1. 1. 1. 1. 1. 1.]
 [1. 1. 1. 1. 1. 1. 1. 1. 1.]
 [1. 1. 1. 1. 1. 1. 1. 1. 1.]
 [1. 1. 1. 1. 1. 1. 1. 1. 1.]
 [1. 1. 1. 1. 1. 1. 1. 1. 1.]
 [1. 1. 1. 1. 1. 1. 1. 1. 1.]
 [1. 1. 1. 1. 1. 1. 1. 1. 1.]
 [1. 1. 1. 1. 1. 1. 1. 1. 1.]
 [1. 1. 1. 1. 1. 1. 1. 1. 1.]]
2025-02-07 10:56:52,748 - INFO - Mau cua W_coords (9x9 phan tu dau):
[[1.         0.99501248 0.98019867 0.95599748 0.92311635 0.8824969
  0.83527021 0.78270454 0.72614904]
 [0.99501248 1.         0.99501248 0.98019867 0.95599748 0.92311635
  0.8824969  0.83527021 0.78270454]
 [0.98019867 0.99501248 1.         0.99501248 0.98019867 0.95599748
  0.92311635 0.8824969  0.83527021]
 [0.95599748 0.98019867 0.99501248 1.         0.99501248 0.98019867
  0.95599748 0.92311635 0.8824969 ]
 [0.92311635 0.95599748 0.98019867 0.99501248 1.         0.99501248
  0.98019867 0.95599748 0.92311635]
 [0.8824969  0.92311635 0.95599748 0.98019867 0.99501248 1.
  0.99501248 0.98019867 0.95599748]
 [0.83527021 0.8824969  0.92311635 0.95599748 0.98019867 0.99501248
  1.         0.99501248 0.98019867]
 [0.78270454 0.83527021 0.8824969  0.92311635 0.95599748 0.98019867
  0.99501248 1.         0.99501248]
 [0.72614904 0.78270454 0.83527021 0.8824969  0.92311635 0.95599748
  0.98019867 0.99501248 1.        ]]
2025-02-07 10:56:52,748 - INFO - Mau cua W (9x9 phan tu dau):
[[1.         0.99501248 0.98019867 0.95599748 0.92311635 0.8824969
  0.83527021 0.78270454 0.72614904]
 [0.99501248 1.         0.99501248 0.98019867 0.95599748 0.92311635
  0.8824969  0.83527021 0.78270454]
 [0.98019867 0.99501248 1.         0.99501248 0.98019867 0.95599748
  0.92311635 0.8824969  0.83527021]
 [0.95599748 0.98019867 0.99501248 1.         0.99501248 0.98019867
  0.95599748 0.92311635 0.8824969 ]
 [0.92311635 0.95599748 0.98019867 0.99501248 1.         0.99501248
  0.98019867 0.95599748 0.92311635]
 [0.8824969  0.92311635 0.95599748 0.98019867 0.99501248 1.
  0.99501248 0.98019867 0.95599748]
 [0.83527021 0.8824969  0.92311635 0.95599748 0.98019867 0.99501248
  1.         0.99501248 0.98019867]
 [0.78270454 0.83527021 0.8824969  0.92311635 0.95599748 0.98019867
  0.99501248 1.         0.99501248]
 [0.72614904 0.78270454 0.83527021 0.8824969  0.92311635 0.95599748
  0.98019867 0.99501248 1.        ]]
2025-02-07 10:56:52,765 - INFO - Tinh ma tran Laplace...
2025-02-07 10:56:52,842 - INFO - Kich thuoc ma tran duong cheo (D): (3540, 3540)
2025-02-07 10:56:52,842 - INFO - Mau cua D (9x9 phan tu dau):
[[163.13126415   0.           0.           0.           0.
    0.           0.           0.           0.        ]
 [  0.         175.79777432   0.           0.           0.
    0.           0.           0.           0.        ]
 [  0.           0.         188.31179917   0.           0.
    0.           0.           0.           0.        ]
 [  0.           0.           0.         200.55355293   0.
    0.           0.           0.           0.        ]
 [  0.           0.           0.           0.         212.41060097
    0.           0.           0.           0.        ]
 [  0.           0.           0.           0.           0.
  223.78066425   0.           0.           0.        ]
 [  0.           0.           0.           0.           0.
    0.         234.57388706   0.           0.        ]
 [  0.           0.           0.           0.           0.
    0.           0.         244.71447619   0.        ]
 [  0.           0.           0.           0.           0.
    0.           0.           0.         254.14166125]]
2025-02-07 10:56:52,842 - INFO - Kich thuoc ma tran Laplace (L): (3540, 3540)
2025-02-07 10:56:52,842 - INFO - Mau cua L (9x9 phan tu dau):
[[162.13126415  -0.99501248  -0.98019867  -0.95599748  -0.92311635
   -0.8824969   -0.83527021  -0.78270454  -0.72614904]
 [ -0.99501248 174.79777432  -0.99501248  -0.98019867  -0.95599748
   -0.92311635  -0.8824969   -0.83527021  -0.78270454]
 [ -0.98019867  -0.99501248 187.31179917  -0.99501248  -0.98019867
   -0.95599748  -0.92311635  -0.8824969   -0.83527021]
 [ -0.95599748  -0.98019867  -0.99501248 199.55355293  -0.99501248
   -0.98019867  -0.95599748  -0.92311635  -0.8824969 ]
 [ -0.92311635  -0.95599748  -0.98019867  -0.99501248 211.41060097
   -0.99501248  -0.98019867  -0.95599748  -0.92311635]
 [ -0.8824969   -0.92311635  -0.95599748  -0.98019867  -0.99501248
  222.78066425  -0.99501248  -0.98019867  -0.95599748]
 [ -0.83527021  -0.8824969   -0.92311635  -0.95599748  -0.98019867
   -0.99501248 233.57388706  -0.99501248  -0.98019867]
 [ -0.78270454  -0.83527021  -0.8824969   -0.92311635  -0.95599748
   -0.98019867  -0.99501248 243.71447619  -0.99501248]
 [ -0.72614904  -0.78270454  -0.83527021  -0.8824969   -0.92311635
   -0.95599748  -0.98019867  -0.99501248 253.14166125]]
2025-02-07 10:56:52,842 - INFO - Tinh vector rieng...
2025-02-07 10:56:57,452 - INFO - Tri rieng (Eigenvalues): [-1.15757848e-16  2.59487573e-05  1.57527169e-03]
2025-02-07 10:56:57,452 - INFO - Kich thuoc vector rieng: (3540, 3)
2025-02-07 10:56:57,452 - INFO - Mau cua vector rieng (9 hang dau):
[[ 1.07995488e-03 -7.53516970e-04 -4.36662497e-05]
 [ 1.07995488e-03 -7.53516029e-04 -4.36621481e-05]
 [ 1.07995488e-03 -7.53515010e-04 -4.36576787e-05]
 [ 1.07995488e-03 -7.53513908e-04 -4.36528076e-05]
 [ 1.07995488e-03 -7.53512714e-04 -4.36474984e-05]
 [ 1.07995488e-03 -7.53511422e-04 -4.36417124e-05]
 [ 1.07995488e-03 -7.53510025e-04 -4.36354083e-05]
 [ 1.07995488e-03 -7.53508516e-04 -4.36285426e-05]
 [ 1.07995488e-03 -7.53506886e-04 -4.36210696e-05]]
2025-02-07 10:56:57,452 - INFO - Gan nhan cho cac diem anh...
2025-02-07 10:56:57,628 - INFO - Nhan gan cho 27 pixel dau tien: [2 2 2 2 2 2 2 2 2 2 2 2 2 2 2 2 2 2 2 2 2 2 2 2 2 2 2]
2025-02-07 10:56:57,628 - INFO - Hien thi ket qua...
2025-02-07 10:56:57,628 - INFO - Thoi gian: 5.397403240203857 giay
2025-02-07 10:57:01,406 - INFO - Bat dau tinh ma tran trong so...
2025-02-07 10:57:01,406 - INFO - Kich thuoc anh: 59x60x3
2025-02-07 10:57:01,406 - INFO - Kich thuoc dac trung mau: (3540, 3), Kich thuoc toa do: (3540, 2)
2025-02-07 10:57:01,407 - INFO - Dac trung mau:
[[1. 1. 1.]
 [1. 1. 1.]
 [1. 1. 1.]
 [1. 1. 1.]
 [1. 1. 1.]
 [1. 1. 1.]
 [1. 1. 1.]
 [1. 1. 1.]
 [1. 1. 1.]]
2025-02-07 10:57:01,407 - INFO - Toa do:
[[0 0]
 [1 0]
 [2 0]
 [3 0]
 [4 0]
 [5 0]
 [6 0]
 [7 0]
 [8 0]]
2025-02-07 10:57:01,828 - INFO - Kich thuoc ma tran trong so (W): (3540, 3540)
2025-02-07 10:57:01,828 - INFO - Kich thuoc ma tran dac trung mau: (3540, 3540), Kich thuoc ma tran toa do: (3540, 3540)
2025-02-07 10:57:01,844 - INFO - Mau cua W_features (9x9 phan tu dau):
[[1. 1. 1. 1. 1. 1. 1. 1. 1.]
 [1. 1. 1. 1. 1. 1. 1. 1. 1.]
 [1. 1. 1. 1. 1. 1. 1. 1. 1.]
 [1. 1. 1. 1. 1. 1. 1. 1. 1.]
 [1. 1. 1. 1. 1. 1. 1. 1. 1.]
 [1. 1. 1. 1. 1. 1. 1. 1. 1.]
 [1. 1. 1. 1. 1. 1. 1. 1. 1.]
 [1. 1. 1. 1. 1. 1. 1. 1. 1.]
 [1. 1. 1. 1. 1. 1. 1. 1. 1.]]
2025-02-07 10:57:01,844 - INFO - Mau cua W_coords (9x9 phan tu dau):
[[1.         0.99501248 0.98019867 0.95599748 0.92311635 0.8824969
  0.83527021 0.78270454 0.72614904]
 [0.99501248 1.         0.99501248 0.98019867 0.95599748 0.92311635
  0.8824969  0.83527021 0.78270454]
 [0.98019867 0.99501248 1.         0.99501248 0.98019867 0.95599748
  0.92311635 0.8824969  0.83527021]
 [0.95599748 0.98019867 0.99501248 1.         0.99501248 0.98019867
  0.95599748 0.92311635 0.8824969 ]
 [0.92311635 0.95599748 0.98019867 0.99501248 1.         0.99501248
  0.98019867 0.95599748 0.92311635]
 [0.8824969  0.92311635 0.95599748 0.98019867 0.99501248 1.
  0.99501248 0.98019867 0.95599748]
 [0.83527021 0.8824969  0.92311635 0.95599748 0.98019867 0.99501248
  1.         0.99501248 0.98019867]
 [0.78270454 0.83527021 0.8824969  0.92311635 0.95599748 0.98019867
  0.99501248 1.         0.99501248]
 [0.72614904 0.78270454 0.83527021 0.8824969  0.92311635 0.95599748
  0.98019867 0.99501248 1.        ]]
2025-02-07 10:57:01,844 - INFO - Mau cua W (9x9 phan tu dau):
[[1.         0.99501248 0.98019867 0.95599748 0.92311635 0.8824969
  0.83527021 0.78270454 0.72614904]
 [0.99501248 1.         0.99501248 0.98019867 0.95599748 0.92311635
  0.8824969  0.83527021 0.78270454]
 [0.98019867 0.99501248 1.         0.99501248 0.98019867 0.95599748
  0.92311635 0.8824969  0.83527021]
 [0.95599748 0.98019867 0.99501248 1.         0.99501248 0.98019867
  0.95599748 0.92311635 0.8824969 ]
 [0.92311635 0.95599748 0.98019867 0.99501248 1.         0.99501248
  0.98019867 0.95599748 0.92311635]
 [0.8824969  0.92311635 0.95599748 0.98019867 0.99501248 1.
  0.99501248 0.98019867 0.95599748]
 [0.83527021 0.8824969  0.92311635 0.95599748 0.98019867 0.99501248
  1.         0.99501248 0.98019867]
 [0.78270454 0.83527021 0.8824969  0.92311635 0.95599748 0.98019867
  0.99501248 1.         0.99501248]
 [0.72614904 0.78270454 0.83527021 0.8824969  0.92311635 0.95599748
  0.98019867 0.99501248 1.        ]]
2025-02-07 10:57:01,844 - INFO - Tinh ma tran Laplace...
2025-02-07 10:57:01,909 - INFO - Kich thuoc ma tran duong cheo (D): (3540, 3540)
2025-02-07 10:57:01,909 - INFO - Mau cua D (9x9 phan tu dau):
[[163.13126415   0.           0.           0.           0.
    0.           0.           0.           0.        ]
 [  0.         175.79777432   0.           0.           0.
    0.           0.           0.           0.        ]
 [  0.           0.         188.31179917   0.           0.
    0.           0.           0.           0.        ]
 [  0.           0.           0.         200.55355293   0.
    0.           0.           0.           0.        ]
 [  0.           0.           0.           0.         212.41060097
    0.           0.           0.           0.        ]
 [  0.           0.           0.           0.           0.
  223.78066425   0.           0.           0.        ]
 [  0.           0.           0.           0.           0.
    0.         234.57388706   0.           0.        ]
 [  0.           0.           0.           0.           0.
    0.           0.         244.71447619   0.        ]
 [  0.           0.           0.           0.           0.
    0.           0.           0.         254.14166125]]
2025-02-07 10:57:01,909 - INFO - Kich thuoc ma tran Laplace (L): (3540, 3540)
2025-02-07 10:57:01,909 - INFO - Mau cua L (9x9 phan tu dau):
[[162.13126415  -0.99501248  -0.98019867  -0.95599748  -0.92311635
   -0.8824969   -0.83527021  -0.78270454  -0.72614904]
 [ -0.99501248 174.79777432  -0.99501248  -0.98019867  -0.95599748
   -0.92311635  -0.8824969   -0.83527021  -0.78270454]
 [ -0.98019867  -0.99501248 187.31179917  -0.99501248  -0.98019867
   -0.95599748  -0.92311635  -0.8824969   -0.83527021]
 [ -0.95599748  -0.98019867  -0.99501248 199.55355293  -0.99501248
   -0.98019867  -0.95599748  -0.92311635  -0.8824969 ]
 [ -0.92311635  -0.95599748  -0.98019867  -0.99501248 211.41060097
   -0.99501248  -0.98019867  -0.95599748  -0.92311635]
 [ -0.8824969   -0.92311635  -0.95599748  -0.98019867  -0.99501248
  222.78066425  -0.99501248  -0.98019867  -0.95599748]
 [ -0.83527021  -0.8824969   -0.92311635  -0.95599748  -0.98019867
   -0.99501248 233.57388706  -0.99501248  -0.98019867]
 [ -0.78270454  -0.83527021  -0.8824969   -0.92311635  -0.95599748
   -0.98019867  -0.99501248 243.71447619  -0.99501248]
 [ -0.72614904  -0.78270454  -0.83527021  -0.8824969   -0.92311635
   -0.95599748  -0.98019867  -0.99501248 253.14166125]]
2025-02-07 10:57:01,909 - INFO - Tinh vector rieng...
2025-02-07 10:57:06,359 - INFO - Tri rieng (Eigenvalues): [-2.04569172e-17  2.59487573e-05  1.57527169e-03]
2025-02-07 10:57:06,359 - INFO - Kich thuoc vector rieng: (3540, 3)
2025-02-07 10:57:06,359 - INFO - Mau cua vector rieng (9 hang dau):
[[1.07995488e-03 7.53516970e-04 4.36662497e-05]
 [1.07995488e-03 7.53516029e-04 4.36621481e-05]
 [1.07995488e-03 7.53515010e-04 4.36576787e-05]
 [1.07995488e-03 7.53513908e-04 4.36528076e-05]
 [1.07995488e-03 7.53512714e-04 4.36474984e-05]
 [1.07995488e-03 7.53511422e-04 4.36417124e-05]
 [1.07995488e-03 7.53510025e-04 4.36354083e-05]
 [1.07995488e-03 7.53508516e-04 4.36285426e-05]
 [1.07995488e-03 7.53506886e-04 4.36210696e-05]]
2025-02-07 10:57:06,359 - INFO - Gan nhan cho cac diem anh...
2025-02-07 10:57:06,359 - INFO - Nhan gan cho 27 pixel dau tien: [2 2 2 2 2 2 2 2 2 2 2 2 2 2 2 2 2 2 2 2 2 2 2 2 2 2 2]
2025-02-07 10:57:06,359 - INFO - Hien thi ket qua...
2025-02-07 10:57:06,359 - INFO - Thoi gian: 4.954814434051514 giay
2025-02-07 10:57:07,726 - INFO - Bat dau tinh ma tran trong so...
2025-02-07 10:57:07,726 - INFO - Kich thuoc anh: 59x60x3
2025-02-07 10:57:07,726 - INFO - Kich thuoc dac trung mau: (3540, 3), Kich thuoc toa do: (3540, 2)
2025-02-07 10:57:07,726 - INFO - Dac trung mau:
[[1. 1. 1.]
 [1. 1. 1.]
 [1. 1. 1.]
 [1. 1. 1.]
 [1. 1. 1.]
 [1. 1. 1.]
 [1. 1. 1.]
 [1. 1. 1.]
 [1. 1. 1.]]
2025-02-07 10:57:07,726 - INFO - Toa do:
[[0 0]
 [1 0]
 [2 0]
 [3 0]
 [4 0]
 [5 0]
 [6 0]
 [7 0]
 [8 0]]
2025-02-07 10:57:08,142 - INFO - Kich thuoc ma tran trong so (W): (3540, 3540)
2025-02-07 10:57:08,142 - INFO - Kich thuoc ma tran dac trung mau: (3540, 3540), Kich thuoc ma tran toa do: (3540, 3540)
2025-02-07 10:57:08,142 - INFO - Mau cua W_features (9x9 phan tu dau):
[[1. 1. 1. 1. 1. 1. 1. 1. 1.]
 [1. 1. 1. 1. 1. 1. 1. 1. 1.]
 [1. 1. 1. 1. 1. 1. 1. 1. 1.]
 [1. 1. 1. 1. 1. 1. 1. 1. 1.]
 [1. 1. 1. 1. 1. 1. 1. 1. 1.]
 [1. 1. 1. 1. 1. 1. 1. 1. 1.]
 [1. 1. 1. 1. 1. 1. 1. 1. 1.]
 [1. 1. 1. 1. 1. 1. 1. 1. 1.]
 [1. 1. 1. 1. 1. 1. 1. 1. 1.]]
2025-02-07 10:57:08,142 - INFO - Mau cua W_coords (9x9 phan tu dau):
[[1.         0.99501248 0.98019867 0.95599748 0.92311635 0.8824969
  0.83527021 0.78270454 0.72614904]
 [0.99501248 1.         0.99501248 0.98019867 0.95599748 0.92311635
  0.8824969  0.83527021 0.78270454]
 [0.98019867 0.99501248 1.         0.99501248 0.98019867 0.95599748
  0.92311635 0.8824969  0.83527021]
 [0.95599748 0.98019867 0.99501248 1.         0.99501248 0.98019867
  0.95599748 0.92311635 0.8824969 ]
 [0.92311635 0.95599748 0.98019867 0.99501248 1.         0.99501248
  0.98019867 0.95599748 0.92311635]
 [0.8824969  0.92311635 0.95599748 0.98019867 0.99501248 1.
  0.99501248 0.98019867 0.95599748]
 [0.83527021 0.8824969  0.92311635 0.95599748 0.98019867 0.99501248
  1.         0.99501248 0.98019867]
 [0.78270454 0.83527021 0.8824969  0.92311635 0.95599748 0.98019867
  0.99501248 1.         0.99501248]
 [0.72614904 0.78270454 0.83527021 0.8824969  0.92311635 0.95599748
  0.98019867 0.99501248 1.        ]]
2025-02-07 10:57:08,142 - INFO - Mau cua W (9x9 phan tu dau):
[[1.         0.99501248 0.98019867 0.95599748 0.92311635 0.8824969
  0.83527021 0.78270454 0.72614904]
 [0.99501248 1.         0.99501248 0.98019867 0.95599748 0.92311635
  0.8824969  0.83527021 0.78270454]
 [0.98019867 0.99501248 1.         0.99501248 0.98019867 0.95599748
  0.92311635 0.8824969  0.83527021]
 [0.95599748 0.98019867 0.99501248 1.         0.99501248 0.98019867
  0.95599748 0.92311635 0.8824969 ]
 [0.92311635 0.95599748 0.98019867 0.99501248 1.         0.99501248
  0.98019867 0.95599748 0.92311635]
 [0.8824969  0.92311635 0.95599748 0.98019867 0.99501248 1.
  0.99501248 0.98019867 0.95599748]
 [0.83527021 0.8824969  0.92311635 0.95599748 0.98019867 0.99501248
  1.         0.99501248 0.98019867]
 [0.78270454 0.83527021 0.8824969  0.92311635 0.95599748 0.98019867
  0.99501248 1.         0.99501248]
 [0.72614904 0.78270454 0.83527021 0.8824969  0.92311635 0.95599748
  0.98019867 0.99501248 1.        ]]
2025-02-07 10:57:08,142 - INFO - Tinh ma tran Laplace...
2025-02-07 10:57:08,221 - INFO - Kich thuoc ma tran duong cheo (D): (3540, 3540)
2025-02-07 10:57:08,221 - INFO - Mau cua D (9x9 phan tu dau):
[[163.13126415   0.           0.           0.           0.
    0.           0.           0.           0.        ]
 [  0.         175.79777432   0.           0.           0.
    0.           0.           0.           0.        ]
 [  0.           0.         188.31179917   0.           0.
    0.           0.           0.           0.        ]
 [  0.           0.           0.         200.55355293   0.
    0.           0.           0.           0.        ]
 [  0.           0.           0.           0.         212.41060097
    0.           0.           0.           0.        ]
 [  0.           0.           0.           0.           0.
  223.78066425   0.           0.           0.        ]
 [  0.           0.           0.           0.           0.
    0.         234.57388706   0.           0.        ]
 [  0.           0.           0.           0.           0.
    0.           0.         244.71447619   0.        ]
 [  0.           0.           0.           0.           0.
    0.           0.           0.         254.14166125]]
2025-02-07 10:57:08,221 - INFO - Kich thuoc ma tran Laplace (L): (3540, 3540)
2025-02-07 10:57:08,221 - INFO - Mau cua L (9x9 phan tu dau):
[[162.13126415  -0.99501248  -0.98019867  -0.95599748  -0.92311635
   -0.8824969   -0.83527021  -0.78270454  -0.72614904]
 [ -0.99501248 174.79777432  -0.99501248  -0.98019867  -0.95599748
   -0.92311635  -0.8824969   -0.83527021  -0.78270454]
 [ -0.98019867  -0.99501248 187.31179917  -0.99501248  -0.98019867
   -0.95599748  -0.92311635  -0.8824969   -0.83527021]
 [ -0.95599748  -0.98019867  -0.99501248 199.55355293  -0.99501248
   -0.98019867  -0.95599748  -0.92311635  -0.8824969 ]
 [ -0.92311635  -0.95599748  -0.98019867  -0.99501248 211.41060097
   -0.99501248  -0.98019867  -0.95599748  -0.92311635]
 [ -0.8824969   -0.92311635  -0.95599748  -0.98019867  -0.99501248
  222.78066425  -0.99501248  -0.98019867  -0.95599748]
 [ -0.83527021  -0.8824969   -0.92311635  -0.95599748  -0.98019867
   -0.99501248 233.57388706  -0.99501248  -0.98019867]
 [ -0.78270454  -0.83527021  -0.8824969   -0.92311635  -0.95599748
   -0.98019867  -0.99501248 243.71447619  -0.99501248]
 [ -0.72614904  -0.78270454  -0.83527021  -0.8824969   -0.92311635
   -0.95599748  -0.98019867  -0.99501248 253.14166125]]
2025-02-07 10:57:08,221 - INFO - Tinh vector rieng...
2025-02-07 10:57:12,649 - INFO - Tri rieng (Eigenvalues): [-1.57457198e-16  2.59487573e-05  1.57527169e-03]
2025-02-07 10:57:12,649 - INFO - Kich thuoc vector rieng: (3540, 3)
2025-02-07 10:57:12,649 - INFO - Mau cua vector rieng (9 hang dau):
[[-1.07995488e-03  7.53516970e-04  4.36662497e-05]
 [-1.07995488e-03  7.53516029e-04  4.36621481e-05]
 [-1.07995488e-03  7.53515010e-04  4.36576787e-05]
 [-1.07995488e-03  7.53513908e-04  4.36528076e-05]
 [-1.07995488e-03  7.53512714e-04  4.36474984e-05]
 [-1.07995488e-03  7.53511422e-04  4.36417124e-05]
 [-1.07995488e-03  7.53510025e-04  4.36354083e-05]
 [-1.07995488e-03  7.53508516e-04  4.36285426e-05]
 [-1.07995488e-03  7.53506886e-04  4.36210696e-05]]
2025-02-07 10:57:12,649 - INFO - Gan nhan cho cac diem anh...
2025-02-07 10:57:12,656 - INFO - Nhan gan cho 27 pixel dau tien: [2 2 2 2 2 2 2 2 2 2 2 2 2 2 2 2 2 2 2 2 2 2 2 2 2 2 2]
2025-02-07 10:57:12,656 - INFO - Hien thi ket qua...
2025-02-07 10:57:12,656 - INFO - Thoi gian: 4.929804801940918 giay
2025-02-07 10:57:14,113 - INFO - Bat dau tinh ma tran trong so...
2025-02-07 10:57:14,114 - INFO - Kich thuoc anh: 59x60x3
2025-02-07 10:57:14,114 - INFO - Kich thuoc dac trung mau: (3540, 3), Kich thuoc toa do: (3540, 2)
2025-02-07 10:57:14,114 - INFO - Dac trung mau:
[[1. 1. 1.]
 [1. 1. 1.]
 [1. 1. 1.]
 [1. 1. 1.]
 [1. 1. 1.]
 [1. 1. 1.]
 [1. 1. 1.]
 [1. 1. 1.]
 [1. 1. 1.]]
2025-02-07 10:57:14,114 - INFO - Toa do:
[[0 0]
 [1 0]
 [2 0]
 [3 0]
 [4 0]
 [5 0]
 [6 0]
 [7 0]
 [8 0]]
2025-02-07 10:57:14,511 - INFO - Kich thuoc ma tran trong so (W): (3540, 3540)
2025-02-07 10:57:14,511 - INFO - Kich thuoc ma tran dac trung mau: (3540, 3540), Kich thuoc ma tran toa do: (3540, 3540)
2025-02-07 10:57:14,511 - INFO - Mau cua W_features (9x9 phan tu dau):
[[1. 1. 1. 1. 1. 1. 1. 1. 1.]
 [1. 1. 1. 1. 1. 1. 1. 1. 1.]
 [1. 1. 1. 1. 1. 1. 1. 1. 1.]
 [1. 1. 1. 1. 1. 1. 1. 1. 1.]
 [1. 1. 1. 1. 1. 1. 1. 1. 1.]
 [1. 1. 1. 1. 1. 1. 1. 1. 1.]
 [1. 1. 1. 1. 1. 1. 1. 1. 1.]
 [1. 1. 1. 1. 1. 1. 1. 1. 1.]
 [1. 1. 1. 1. 1. 1. 1. 1. 1.]]
2025-02-07 10:57:14,511 - INFO - Mau cua W_coords (9x9 phan tu dau):
[[1.         0.99501248 0.98019867 0.95599748 0.92311635 0.8824969
  0.83527021 0.78270454 0.72614904]
 [0.99501248 1.         0.99501248 0.98019867 0.95599748 0.92311635
  0.8824969  0.83527021 0.78270454]
 [0.98019867 0.99501248 1.         0.99501248 0.98019867 0.95599748
  0.92311635 0.8824969  0.83527021]
 [0.95599748 0.98019867 0.99501248 1.         0.99501248 0.98019867
  0.95599748 0.92311635 0.8824969 ]
 [0.92311635 0.95599748 0.98019867 0.99501248 1.         0.99501248
  0.98019867 0.95599748 0.92311635]
 [0.8824969  0.92311635 0.95599748 0.98019867 0.99501248 1.
  0.99501248 0.98019867 0.95599748]
 [0.83527021 0.8824969  0.92311635 0.95599748 0.98019867 0.99501248
  1.         0.99501248 0.98019867]
 [0.78270454 0.83527021 0.8824969  0.92311635 0.95599748 0.98019867
  0.99501248 1.         0.99501248]
 [0.72614904 0.78270454 0.83527021 0.8824969  0.92311635 0.95599748
  0.98019867 0.99501248 1.        ]]
2025-02-07 10:57:14,511 - INFO - Mau cua W (9x9 phan tu dau):
[[1.         0.99501248 0.98019867 0.95599748 0.92311635 0.8824969
  0.83527021 0.78270454 0.72614904]
 [0.99501248 1.         0.99501248 0.98019867 0.95599748 0.92311635
  0.8824969  0.83527021 0.78270454]
 [0.98019867 0.99501248 1.         0.99501248 0.98019867 0.95599748
  0.92311635 0.8824969  0.83527021]
 [0.95599748 0.98019867 0.99501248 1.         0.99501248 0.98019867
  0.95599748 0.92311635 0.8824969 ]
 [0.92311635 0.95599748 0.98019867 0.99501248 1.         0.99501248
  0.98019867 0.95599748 0.92311635]
 [0.8824969  0.92311635 0.95599748 0.98019867 0.99501248 1.
  0.99501248 0.98019867 0.95599748]
 [0.83527021 0.8824969  0.92311635 0.95599748 0.98019867 0.99501248
  1.         0.99501248 0.98019867]
 [0.78270454 0.83527021 0.8824969  0.92311635 0.95599748 0.98019867
  0.99501248 1.         0.99501248]
 [0.72614904 0.78270454 0.83527021 0.8824969  0.92311635 0.95599748
  0.98019867 0.99501248 1.        ]]
2025-02-07 10:57:14,526 - INFO - Tinh ma tran Laplace...
2025-02-07 10:57:14,600 - INFO - Kich thuoc ma tran duong cheo (D): (3540, 3540)
2025-02-07 10:57:14,600 - INFO - Mau cua D (9x9 phan tu dau):
[[163.13126415   0.           0.           0.           0.
    0.           0.           0.           0.        ]
 [  0.         175.79777432   0.           0.           0.
    0.           0.           0.           0.        ]
 [  0.           0.         188.31179917   0.           0.
    0.           0.           0.           0.        ]
 [  0.           0.           0.         200.55355293   0.
    0.           0.           0.           0.        ]
 [  0.           0.           0.           0.         212.41060097
    0.           0.           0.           0.        ]
 [  0.           0.           0.           0.           0.
  223.78066425   0.           0.           0.        ]
 [  0.           0.           0.           0.           0.
    0.         234.57388706   0.           0.        ]
 [  0.           0.           0.           0.           0.
    0.           0.         244.71447619   0.        ]
 [  0.           0.           0.           0.           0.
    0.           0.           0.         254.14166125]]
2025-02-07 10:57:14,601 - INFO - Kich thuoc ma tran Laplace (L): (3540, 3540)
2025-02-07 10:57:14,601 - INFO - Mau cua L (9x9 phan tu dau):
[[162.13126415  -0.99501248  -0.98019867  -0.95599748  -0.92311635
   -0.8824969   -0.83527021  -0.78270454  -0.72614904]
 [ -0.99501248 174.79777432  -0.99501248  -0.98019867  -0.95599748
   -0.92311635  -0.8824969   -0.83527021  -0.78270454]
 [ -0.98019867  -0.99501248 187.31179917  -0.99501248  -0.98019867
   -0.95599748  -0.92311635  -0.8824969   -0.83527021]
 [ -0.95599748  -0.98019867  -0.99501248 199.55355293  -0.99501248
   -0.98019867  -0.95599748  -0.92311635  -0.8824969 ]
 [ -0.92311635  -0.95599748  -0.98019867  -0.99501248 211.41060097
   -0.99501248  -0.98019867  -0.95599748  -0.92311635]
 [ -0.8824969   -0.92311635  -0.95599748  -0.98019867  -0.99501248
  222.78066425  -0.99501248  -0.98019867  -0.95599748]
 [ -0.83527021  -0.8824969   -0.92311635  -0.95599748  -0.98019867
   -0.99501248 233.57388706  -0.99501248  -0.98019867]
 [ -0.78270454  -0.83527021  -0.8824969   -0.92311635  -0.95599748
   -0.98019867  -0.99501248 243.71447619  -0.99501248]
 [ -0.72614904  -0.78270454  -0.83527021  -0.8824969   -0.92311635
   -0.95599748  -0.98019867  -0.99501248 253.14166125]]
2025-02-07 10:57:14,601 - INFO - Tinh vector rieng...
2025-02-07 10:57:19,215 - INFO - Tri rieng (Eigenvalues): [1.74577705e-18 2.59487573e-05 1.57527169e-03]
2025-02-07 10:57:19,215 - INFO - Kich thuoc vector rieng: (3540, 3)
2025-02-07 10:57:19,215 - INFO - Mau cua vector rieng (9 hang dau):
[[-1.07995488e-03 -7.53516970e-04  4.36662497e-05]
 [-1.07995488e-03 -7.53516029e-04  4.36621481e-05]
 [-1.07995488e-03 -7.53515010e-04  4.36576787e-05]
 [-1.07995488e-03 -7.53513908e-04  4.36528076e-05]
 [-1.07995488e-03 -7.53512714e-04  4.36474984e-05]
 [-1.07995488e-03 -7.53511422e-04  4.36417124e-05]
 [-1.07995488e-03 -7.53510025e-04  4.36354083e-05]
 [-1.07995488e-03 -7.53508516e-04  4.36285426e-05]
 [-1.07995488e-03 -7.53506886e-04  4.36210696e-05]]
2025-02-07 10:57:19,215 - INFO - Gan nhan cho cac diem anh...
2025-02-07 10:57:19,221 - INFO - Nhan gan cho 27 pixel dau tien: [2 2 2 2 2 2 2 2 2 2 2 2 2 2 2 2 2 2 2 2 2 2 2 2 2 2 2]
2025-02-07 10:57:19,221 - INFO - Hien thi ket qua...
2025-02-07 10:57:19,221 - INFO - Thoi gian: 5.109101295471191 giay
2025-02-07 10:57:20,582 - INFO - Bat dau tinh ma tran trong so...
2025-02-07 10:57:20,582 - INFO - Kich thuoc anh: 59x60x3
2025-02-07 10:57:20,582 - INFO - Kich thuoc dac trung mau: (3540, 3), Kich thuoc toa do: (3540, 2)
2025-02-07 10:57:20,582 - INFO - Dac trung mau:
[[1. 1. 1.]
 [1. 1. 1.]
 [1. 1. 1.]
 [1. 1. 1.]
 [1. 1. 1.]
 [1. 1. 1.]
 [1. 1. 1.]
 [1. 1. 1.]
 [1. 1. 1.]]
2025-02-07 10:57:20,582 - INFO - Toa do:
[[0 0]
 [1 0]
 [2 0]
 [3 0]
 [4 0]
 [5 0]
 [6 0]
 [7 0]
 [8 0]]
2025-02-07 10:57:20,988 - INFO - Kich thuoc ma tran trong so (W): (3540, 3540)
2025-02-07 10:57:20,988 - INFO - Kich thuoc ma tran dac trung mau: (3540, 3540), Kich thuoc ma tran toa do: (3540, 3540)
2025-02-07 10:57:20,988 - INFO - Mau cua W_features (9x9 phan tu dau):
[[1. 1. 1. 1. 1. 1. 1. 1. 1.]
 [1. 1. 1. 1. 1. 1. 1. 1. 1.]
 [1. 1. 1. 1. 1. 1. 1. 1. 1.]
 [1. 1. 1. 1. 1. 1. 1. 1. 1.]
 [1. 1. 1. 1. 1. 1. 1. 1. 1.]
 [1. 1. 1. 1. 1. 1. 1. 1. 1.]
 [1. 1. 1. 1. 1. 1. 1. 1. 1.]
 [1. 1. 1. 1. 1. 1. 1. 1. 1.]
 [1. 1. 1. 1. 1. 1. 1. 1. 1.]]
2025-02-07 10:57:20,988 - INFO - Mau cua W_coords (9x9 phan tu dau):
[[1.         0.99501248 0.98019867 0.95599748 0.92311635 0.8824969
  0.83527021 0.78270454 0.72614904]
 [0.99501248 1.         0.99501248 0.98019867 0.95599748 0.92311635
  0.8824969  0.83527021 0.78270454]
 [0.98019867 0.99501248 1.         0.99501248 0.98019867 0.95599748
  0.92311635 0.8824969  0.83527021]
 [0.95599748 0.98019867 0.99501248 1.         0.99501248 0.98019867
  0.95599748 0.92311635 0.8824969 ]
 [0.92311635 0.95599748 0.98019867 0.99501248 1.         0.99501248
  0.98019867 0.95599748 0.92311635]
 [0.8824969  0.92311635 0.95599748 0.98019867 0.99501248 1.
  0.99501248 0.98019867 0.95599748]
 [0.83527021 0.8824969  0.92311635 0.95599748 0.98019867 0.99501248
  1.         0.99501248 0.98019867]
 [0.78270454 0.83527021 0.8824969  0.92311635 0.95599748 0.98019867
  0.99501248 1.         0.99501248]
 [0.72614904 0.78270454 0.83527021 0.8824969  0.92311635 0.95599748
  0.98019867 0.99501248 1.        ]]
2025-02-07 10:57:20,988 - INFO - Mau cua W (9x9 phan tu dau):
[[1.         0.99501248 0.98019867 0.95599748 0.92311635 0.8824969
  0.83527021 0.78270454 0.72614904]
 [0.99501248 1.         0.99501248 0.98019867 0.95599748 0.92311635
  0.8824969  0.83527021 0.78270454]
 [0.98019867 0.99501248 1.         0.99501248 0.98019867 0.95599748
  0.92311635 0.8824969  0.83527021]
 [0.95599748 0.98019867 0.99501248 1.         0.99501248 0.98019867
  0.95599748 0.92311635 0.8824969 ]
 [0.92311635 0.95599748 0.98019867 0.99501248 1.         0.99501248
  0.98019867 0.95599748 0.92311635]
 [0.8824969  0.92311635 0.95599748 0.98019867 0.99501248 1.
  0.99501248 0.98019867 0.95599748]
 [0.83527021 0.8824969  0.92311635 0.95599748 0.98019867 0.99501248
  1.         0.99501248 0.98019867]
 [0.78270454 0.83527021 0.8824969  0.92311635 0.95599748 0.98019867
  0.99501248 1.         0.99501248]
 [0.72614904 0.78270454 0.83527021 0.8824969  0.92311635 0.95599748
  0.98019867 0.99501248 1.        ]]
2025-02-07 10:57:20,988 - INFO - Tinh ma tran Laplace...
2025-02-07 10:57:21,066 - INFO - Kich thuoc ma tran duong cheo (D): (3540, 3540)
2025-02-07 10:57:21,066 - INFO - Mau cua D (9x9 phan tu dau):
[[163.13126415   0.           0.           0.           0.
    0.           0.           0.           0.        ]
 [  0.         175.79777432   0.           0.           0.
    0.           0.           0.           0.        ]
 [  0.           0.         188.31179917   0.           0.
    0.           0.           0.           0.        ]
 [  0.           0.           0.         200.55355293   0.
    0.           0.           0.           0.        ]
 [  0.           0.           0.           0.         212.41060097
    0.           0.           0.           0.        ]
 [  0.           0.           0.           0.           0.
  223.78066425   0.           0.           0.        ]
 [  0.           0.           0.           0.           0.
    0.         234.57388706   0.           0.        ]
 [  0.           0.           0.           0.           0.
    0.           0.         244.71447619   0.        ]
 [  0.           0.           0.           0.           0.
    0.           0.           0.         254.14166125]]
2025-02-07 10:57:21,066 - INFO - Kich thuoc ma tran Laplace (L): (3540, 3540)
2025-02-07 10:57:21,066 - INFO - Mau cua L (9x9 phan tu dau):
[[162.13126415  -0.99501248  -0.98019867  -0.95599748  -0.92311635
   -0.8824969   -0.83527021  -0.78270454  -0.72614904]
 [ -0.99501248 174.79777432  -0.99501248  -0.98019867  -0.95599748
   -0.92311635  -0.8824969   -0.83527021  -0.78270454]
 [ -0.98019867  -0.99501248 187.31179917  -0.99501248  -0.98019867
   -0.95599748  -0.92311635  -0.8824969   -0.83527021]
 [ -0.95599748  -0.98019867  -0.99501248 199.55355293  -0.99501248
   -0.98019867  -0.95599748  -0.92311635  -0.8824969 ]
 [ -0.92311635  -0.95599748  -0.98019867  -0.99501248 211.41060097
   -0.99501248  -0.98019867  -0.95599748  -0.92311635]
 [ -0.8824969   -0.92311635  -0.95599748  -0.98019867  -0.99501248
  222.78066425  -0.99501248  -0.98019867  -0.95599748]
 [ -0.83527021  -0.8824969   -0.92311635  -0.95599748  -0.98019867
   -0.99501248 233.57388706  -0.99501248  -0.98019867]
 [ -0.78270454  -0.83527021  -0.8824969   -0.92311635  -0.95599748
   -0.98019867  -0.99501248 243.71447619  -0.99501248]
 [ -0.72614904  -0.78270454  -0.83527021  -0.8824969   -0.92311635
   -0.95599748  -0.98019867  -0.99501248 253.14166125]]
2025-02-07 10:57:21,066 - INFO - Tinh vector rieng...
2025-02-07 10:57:25,702 - INFO - Tri rieng (Eigenvalues): [-8.53298304e-17  2.59487573e-05  1.57527169e-03]
2025-02-07 10:57:25,703 - INFO - Kich thuoc vector rieng: (3540, 3)
2025-02-07 10:57:25,703 - INFO - Mau cua vector rieng (9 hang dau):
[[ 1.07995488e-03 -7.53516970e-04  4.36662497e-05]
 [ 1.07995488e-03 -7.53516029e-04  4.36621481e-05]
 [ 1.07995488e-03 -7.53515010e-04  4.36576787e-05]
 [ 1.07995488e-03 -7.53513908e-04  4.36528076e-05]
 [ 1.07995488e-03 -7.53512714e-04  4.36474984e-05]
 [ 1.07995488e-03 -7.53511422e-04  4.36417124e-05]
 [ 1.07995488e-03 -7.53510025e-04  4.36354083e-05]
 [ 1.07995488e-03 -7.53508516e-04  4.36285426e-05]
 [ 1.07995488e-03 -7.53506886e-04  4.36210696e-05]]
2025-02-07 10:57:25,703 - INFO - Gan nhan cho cac diem anh...
2025-02-07 10:57:25,708 - INFO - Nhan gan cho 27 pixel dau tien: [2 2 2 2 2 2 2 2 2 2 2 2 2 2 2 2 2 2 2 2 2 2 2 2 2 2 2]
2025-02-07 10:57:25,708 - INFO - Hien thi ket qua...
2025-02-07 10:57:25,708 - INFO - Thoi gian: 5.127290487289429 giay
