2025-02-16 13:05:30,372 - INFO - file name: resized_image_50x50.png
2025-02-16 13:05:30,373 - INFO - Lan thu: 0
2025-02-16 13:05:30,385 - INFO - Kich thuoc anh: 50x50x3
2025-02-16 13:05:30,385 - INFO - Kich thuoc dac trung mau: (2500, 3), Kich thuoc toa do: (2500, 2)
2025-02-16 13:05:30,386 - INFO - Dac trung mau:
[[1. 1. 1.]
 [1. 1. 1.]
 [1. 1. 1.]
 [1. 1. 1.]
 [1. 1. 1.]
 [1. 1. 1.]
 [1. 1. 1.]
 [1. 1. 1.]
 [1. 1. 1.]]
2025-02-16 13:05:30,386 - INFO - Toa do:
[[0 0]
 [1 0]
 [2 0]
 [3 0]
 [4 0]
 [5 0]
 [6 0]
 [7 0]
 [8 0]]
2025-02-16 13:05:30,568 - INFO - Kich thuoc ma tran trong so (W): (2500, 2500)
2025-02-16 13:05:30,569 - INFO - Kich thuoc ma tran dac trung mau: (2500, 2500), Kich thuoc ma tran toa do: (2500, 2500)
2025-02-16 13:05:30,570 - INFO - Mau cua W_features (9x9 phan tu dau):
[[1. 1. 1. 1. 1. 1. 1. 1. 1.]
 [1. 1. 1. 1. 1. 1. 1. 1. 1.]
 [1. 1. 1. 1. 1. 1. 1. 1. 1.]
 [1. 1. 1. 1. 1. 1. 1. 1. 1.]
 [1. 1. 1. 1. 1. 1. 1. 1. 1.]
 [1. 1. 1. 1. 1. 1. 1. 1. 1.]
 [1. 1. 1. 1. 1. 1. 1. 1. 1.]
 [1. 1. 1. 1. 1. 1. 1. 1. 1.]
 [1. 1. 1. 1. 1. 1. 1. 1. 1.]]
2025-02-16 13:05:30,571 - INFO - Mau cua W_coords (9x9 phan tu dau):
[[1.         0.99501248 0.98019867 0.95599748 0.92311635 0.8824969
  0.83527021 0.78270454 0.72614904]
 [0.99501248 1.         0.99501248 0.98019867 0.95599748 0.92311635
  0.8824969  0.83527021 0.78270454]
 [0.98019867 0.99501248 1.         0.99501248 0.98019867 0.95599748
  0.92311635 0.8824969  0.83527021]
 [0.95599748 0.98019867 0.99501248 1.         0.99501248 0.98019867
  0.95599748 0.92311635 0.8824969 ]
 [0.92311635 0.95599748 0.98019867 0.99501248 1.         0.99501248
  0.98019867 0.95599748 0.92311635]
 [0.8824969  0.92311635 0.95599748 0.98019867 0.99501248 1.
  0.99501248 0.98019867 0.95599748]
 [0.83527021 0.8824969  0.92311635 0.95599748 0.98019867 0.99501248
  1.         0.99501248 0.98019867]
 [0.78270454 0.83527021 0.8824969  0.92311635 0.95599748 0.98019867
  0.99501248 1.         0.99501248]
 [0.72614904 0.78270454 0.83527021 0.8824969  0.92311635 0.95599748
  0.98019867 0.99501248 1.        ]]
2025-02-16 13:05:30,571 - INFO - Mau cua W (9x9 phan tu dau):
[[1.         0.99501248 0.98019867 0.95599748 0.92311635 0.8824969
  0.83527021 0.78270454 0.72614904]
 [0.99501248 1.         0.99501248 0.98019867 0.95599748 0.92311635
  0.8824969  0.83527021 0.78270454]
 [0.98019867 0.99501248 1.         0.99501248 0.98019867 0.95599748
  0.92311635 0.8824969  0.83527021]
 [0.95599748 0.98019867 0.99501248 1.         0.99501248 0.98019867
  0.95599748 0.92311635 0.8824969 ]
 [0.92311635 0.95599748 0.98019867 0.99501248 1.         0.99501248
  0.98019867 0.95599748 0.92311635]
 [0.8824969  0.92311635 0.95599748 0.98019867 0.99501248 1.
  0.99501248 0.98019867 0.95599748]
 [0.83527021 0.8824969  0.92311635 0.95599748 0.98019867 0.99501248
  1.         0.99501248 0.98019867]
 [0.78270454 0.83527021 0.8824969  0.92311635 0.95599748 0.98019867
  0.99501248 1.         0.99501248]
 [0.72614904 0.78270454 0.83527021 0.8824969  0.92311635 0.95599748
  0.98019867 0.99501248 1.        ]]
2025-02-16 13:05:30,695 - INFO - Kich thuoc ma tran thua (COO): (2500, 2500)
2025-02-16 13:05:30,696 - INFO - Mau cua ma tran thua (COO) [du lieu, hang, cot]:
[1.         0.99501248 0.98019867 0.95599748 0.92311635 0.8824969
 0.83527021 0.78270454 0.72614904], [0 0 0 0 0 0 0 0 0], [0 1 2 3 4 5 6 7 8]
2025-02-16 13:05:30,764 - INFO - Kich thuoc ma tran duong cheo (D): (2500, 2500)
2025-02-16 13:05:30,764 - INFO - Mau cua D (9 phan tu dau):
[157.52426934 168.50996396 179.08314809 189.11310997 198.48030178
 207.07969763 214.82357598 221.64363085 227.4923585 ]
2025-02-16 13:05:30,764 - INFO - Kich thuoc ma tran Laplace (L): (2500, 2500)
2025-02-16 13:05:30,764 - INFO - Mau cua L (9x9 phan tu dau):
[[156.52426934  -0.99501248  -0.98019867  -0.95599748  -0.92311635
   -0.8824969   -0.83527021  -0.78270454  -0.72614904]
 [ -0.99501248 167.50996396  -0.99501248  -0.98019867  -0.95599748
   -0.92311635  -0.8824969   -0.83527021  -0.78270454]
 [ -0.98019867  -0.99501248 178.08314809  -0.99501248  -0.98019867
   -0.95599748  -0.92311635  -0.8824969   -0.83527021]
 [ -0.95599748  -0.98019867  -0.99501248 188.11310997  -0.99501248
   -0.98019867  -0.95599748  -0.92311635  -0.8824969 ]
 [ -0.92311635  -0.95599748  -0.98019867  -0.99501248 197.48030178
   -0.99501248  -0.98019867  -0.95599748  -0.92311635]
 [ -0.8824969   -0.92311635  -0.95599748  -0.98019867  -0.99501248
  206.07969763  -0.99501248  -0.98019867  -0.95599748]
 [ -0.83527021  -0.8824969   -0.92311635  -0.95599748  -0.98019867
   -0.99501248 213.82357598  -0.99501248  -0.98019867]
 [ -0.78270454  -0.83527021  -0.8824969   -0.92311635  -0.95599748
   -0.98019867  -0.99501248 220.64363085  -0.99501248]
 [ -0.72614904  -0.78270454  -0.83527021  -0.8824969   -0.92311635
   -0.95599748  -0.98019867  -0.99501248 226.4923585 ]]
2025-02-16 13:05:30,820 - INFO - Thoi gian nhan ma tran - vector (song song): 0.002442 giay
2025-02-16 13:05:30,820 - INFO - Thoi gian tinh tich vo huong (song song): 0.000070 giay
2025-02-16 13:05:31,069 - INFO - Thoi gian: 0.6965882778167725 giay
2025-02-16 13:05:31,069 - INFO - Thoi gian ma tran W: 0.31677794456481934 giay
2025-02-16 13:05:31,078 - INFO - file name: resized_image_55x55.png
2025-02-16 13:05:31,078 - INFO - Lan thu: 0
2025-02-16 13:05:31,080 - INFO - Kich thuoc anh: 55x55x3
2025-02-16 13:05:31,080 - INFO - Kich thuoc dac trung mau: (3025, 3), Kich thuoc toa do: (3025, 2)
2025-02-16 13:05:31,081 - INFO - Dac trung mau:
[[1. 1. 1.]
 [1. 1. 1.]
 [1. 1. 1.]
 [1. 1. 1.]
 [1. 1. 1.]
 [1. 1. 1.]
 [1. 1. 1.]
 [1. 1. 1.]
 [1. 1. 1.]]
2025-02-16 13:05:31,081 - INFO - Toa do:
[[0 0]
 [1 0]
 [2 0]
 [3 0]
 [4 0]
 [5 0]
 [6 0]
 [7 0]
 [8 0]]
2025-02-16 13:05:31,377 - INFO - Kich thuoc ma tran trong so (W): (3025, 3025)
2025-02-16 13:05:31,377 - INFO - Kich thuoc ma tran dac trung mau: (3025, 3025), Kich thuoc ma tran toa do: (3025, 3025)
2025-02-16 13:05:31,377 - INFO - Mau cua W_features (9x9 phan tu dau):
[[1. 1. 1. 1. 1. 1. 1. 1. 1.]
 [1. 1. 1. 1. 1. 1. 1. 1. 1.]
 [1. 1. 1. 1. 1. 1. 1. 1. 1.]
 [1. 1. 1. 1. 1. 1. 1. 1. 1.]
 [1. 1. 1. 1. 1. 1. 1. 1. 1.]
 [1. 1. 1. 1. 1. 1. 1. 1. 1.]
 [1. 1. 1. 1. 1. 1. 1. 1. 1.]
 [1. 1. 1. 1. 1. 1. 1. 1. 1.]
 [1. 1. 1. 1. 1. 1. 1. 1. 1.]]
2025-02-16 13:05:31,378 - INFO - Mau cua W_coords (9x9 phan tu dau):
[[1.         0.99501248 0.98019867 0.95599748 0.92311635 0.8824969
  0.83527021 0.78270454 0.72614904]
 [0.99501248 1.         0.99501248 0.98019867 0.95599748 0.92311635
  0.8824969  0.83527021 0.78270454]
 [0.98019867 0.99501248 1.         0.99501248 0.98019867 0.95599748
  0.92311635 0.8824969  0.83527021]
 [0.95599748 0.98019867 0.99501248 1.         0.99501248 0.98019867
  0.95599748 0.92311635 0.8824969 ]
 [0.92311635 0.95599748 0.98019867 0.99501248 1.         0.99501248
  0.98019867 0.95599748 0.92311635]
 [0.8824969  0.92311635 0.95599748 0.98019867 0.99501248 1.
  0.99501248 0.98019867 0.95599748]
 [0.83527021 0.8824969  0.92311635 0.95599748 0.98019867 0.99501248
  1.         0.99501248 0.98019867]
 [0.78270454 0.83527021 0.8824969  0.92311635 0.95599748 0.98019867
  0.99501248 1.         0.99501248]
 [0.72614904 0.78270454 0.83527021 0.8824969  0.92311635 0.95599748
  0.98019867 0.99501248 1.        ]]
2025-02-16 13:05:31,378 - INFO - Mau cua W (9x9 phan tu dau):
[[1.         0.99501248 0.98019867 0.95599748 0.92311635 0.8824969
  0.83527021 0.78270454 0.72614904]
 [0.99501248 1.         0.99501248 0.98019867 0.95599748 0.92311635
  0.8824969  0.83527021 0.78270454]
 [0.98019867 0.99501248 1.         0.99501248 0.98019867 0.95599748
  0.92311635 0.8824969  0.83527021]
 [0.95599748 0.98019867 0.99501248 1.         0.99501248 0.98019867
  0.95599748 0.92311635 0.8824969 ]
 [0.92311635 0.95599748 0.98019867 0.99501248 1.         0.99501248
  0.98019867 0.95599748 0.92311635]
 [0.8824969  0.92311635 0.95599748 0.98019867 0.99501248 1.
  0.99501248 0.98019867 0.95599748]
 [0.83527021 0.8824969  0.92311635 0.95599748 0.98019867 0.99501248
  1.         0.99501248 0.98019867]
 [0.78270454 0.83527021 0.8824969  0.92311635 0.95599748 0.98019867
  0.99501248 1.         0.99501248]
 [0.72614904 0.78270454 0.83527021 0.8824969  0.92311635 0.95599748
  0.98019867 0.99501248 1.        ]]
2025-02-16 13:05:31,560 - INFO - Kich thuoc ma tran thua (COO): (3025, 3025)
2025-02-16 13:05:31,560 - INFO - Mau cua ma tran thua (COO) [du lieu, hang, cot]:
[1.         0.99501248 0.98019867 0.95599748 0.92311635 0.8824969
 0.83527021 0.78270454 0.72614904], [0 0 0 0 0 0 0 0 0], [0 1 2 3 4 5 6 7 8]
2025-02-16 13:05:31,657 - INFO - Kich thuoc ma tran duong cheo (D): (3025, 3025)
2025-02-16 13:05:31,658 - INFO - Mau cua D (9 phan tu dau):
[162.00953979 173.63918439 184.90983323 195.68865003 205.85265425
 215.29194834 223.91237818 231.63753678 238.41006485]
2025-02-16 13:05:31,658 - INFO - Kich thuoc ma tran Laplace (L): (3025, 3025)
2025-02-16 13:05:31,658 - INFO - Mau cua L (9x9 phan tu dau):
[[161.00953979  -0.99501248  -0.98019867  -0.95599748  -0.92311635
   -0.8824969   -0.83527021  -0.78270454  -0.72614904]
 [ -0.99501248 172.63918439  -0.99501248  -0.98019867  -0.95599748
   -0.92311635  -0.8824969   -0.83527021  -0.78270454]
 [ -0.98019867  -0.99501248 183.90983323  -0.99501248  -0.98019867
   -0.95599748  -0.92311635  -0.8824969   -0.83527021]
 [ -0.95599748  -0.98019867  -0.99501248 194.68865003  -0.99501248
   -0.98019867  -0.95599748  -0.92311635  -0.8824969 ]
 [ -0.92311635  -0.95599748  -0.98019867  -0.99501248 204.85265425
   -0.99501248  -0.98019867  -0.95599748  -0.92311635]
 [ -0.8824969   -0.92311635  -0.95599748  -0.98019867  -0.99501248
  214.29194834  -0.99501248  -0.98019867  -0.95599748]
 [ -0.83527021  -0.8824969   -0.92311635  -0.95599748  -0.98019867
   -0.99501248 222.91237818  -0.99501248  -0.98019867]
 [ -0.78270454  -0.83527021  -0.8824969   -0.92311635  -0.95599748
   -0.98019867  -0.99501248 230.63753678  -0.99501248]
 [ -0.72614904  -0.78270454  -0.83527021  -0.8824969   -0.92311635
   -0.95599748  -0.98019867  -0.99501248 237.41006485]]
2025-02-16 13:05:31,742 - INFO - Thoi gian nhan ma tran - vector (song song): 0.003347 giay
2025-02-16 13:05:31,743 - INFO - Thoi gian tinh tich vo huong (song song): 0.000048 giay
2025-02-16 13:05:31,787 - INFO - Thoi gian: 0.7094173431396484 giay
2025-02-16 13:05:31,787 - INFO - Thoi gian ma tran W: 0.4865603446960449 giay
2025-02-16 13:05:31,788 - INFO - file name: resized_image_60x60.png
2025-02-16 13:05:31,788 - INFO - Lan thu: 0
2025-02-16 13:05:31,790 - INFO - Kich thuoc anh: 60x60x3
2025-02-16 13:05:31,790 - INFO - Kich thuoc dac trung mau: (3600, 3), Kich thuoc toa do: (3600, 2)
2025-02-16 13:05:31,790 - INFO - Dac trung mau:
[[1. 1. 1.]
 [1. 1. 1.]
 [1. 1. 1.]
 [1. 1. 1.]
 [1. 1. 1.]
 [1. 1. 1.]
 [1. 1. 1.]
 [1. 1. 1.]
 [1. 1. 1.]]
2025-02-16 13:05:31,791 - INFO - Toa do:
[[0 0]
 [1 0]
 [2 0]
 [3 0]
 [4 0]
 [5 0]
 [6 0]
 [7 0]
 [8 0]]
2025-02-16 13:05:32,224 - INFO - Kich thuoc ma tran trong so (W): (3600, 3600)
2025-02-16 13:05:32,224 - INFO - Kich thuoc ma tran dac trung mau: (3600, 3600), Kich thuoc ma tran toa do: (3600, 3600)
2025-02-16 13:05:32,225 - INFO - Mau cua W_features (9x9 phan tu dau):
[[1. 1. 1. 1. 1. 1. 1. 1. 1.]
 [1. 1. 1. 1. 1. 1. 1. 1. 1.]
 [1. 1. 1. 1. 1. 1. 1. 1. 1.]
 [1. 1. 1. 1. 1. 1. 1. 1. 1.]
 [1. 1. 1. 1. 1. 1. 1. 1. 1.]
 [1. 1. 1. 1. 1. 1. 1. 1. 1.]
 [1. 1. 1. 1. 1. 1. 1. 1. 1.]
 [1. 1. 1. 1. 1. 1. 1. 1. 1.]
 [1. 1. 1. 1. 1. 1. 1. 1. 1.]]
2025-02-16 13:05:32,225 - INFO - Mau cua W_coords (9x9 phan tu dau):
[[1.         0.99501248 0.98019867 0.95599748 0.92311635 0.8824969
  0.83527021 0.78270454 0.72614904]
 [0.99501248 1.         0.99501248 0.98019867 0.95599748 0.92311635
  0.8824969  0.83527021 0.78270454]
 [0.98019867 0.99501248 1.         0.99501248 0.98019867 0.95599748
  0.92311635 0.8824969  0.83527021]
 [0.95599748 0.98019867 0.99501248 1.         0.99501248 0.98019867
  0.95599748 0.92311635 0.8824969 ]
 [0.92311635 0.95599748 0.98019867 0.99501248 1.         0.99501248
  0.98019867 0.95599748 0.92311635]
 [0.8824969  0.92311635 0.95599748 0.98019867 0.99501248 1.
  0.99501248 0.98019867 0.95599748]
 [0.83527021 0.8824969  0.92311635 0.95599748 0.98019867 0.99501248
  1.         0.99501248 0.98019867]
 [0.78270454 0.83527021 0.8824969  0.92311635 0.95599748 0.98019867
  0.99501248 1.         0.99501248]
 [0.72614904 0.78270454 0.83527021 0.8824969  0.92311635 0.95599748
  0.98019867 0.99501248 1.        ]]
2025-02-16 13:05:32,226 - INFO - Mau cua W (9x9 phan tu dau):
[[1.         0.99501248 0.98019867 0.95599748 0.92311635 0.8824969
  0.83527021 0.78270454 0.72614904]
 [0.99501248 1.         0.99501248 0.98019867 0.95599748 0.92311635
  0.8824969  0.83527021 0.78270454]
 [0.98019867 0.99501248 1.         0.99501248 0.98019867 0.95599748
  0.92311635 0.8824969  0.83527021]
 [0.95599748 0.98019867 0.99501248 1.         0.99501248 0.98019867
  0.95599748 0.92311635 0.8824969 ]
 [0.92311635 0.95599748 0.98019867 0.99501248 1.         0.99501248
  0.98019867 0.95599748 0.92311635]
 [0.8824969  0.92311635 0.95599748 0.98019867 0.99501248 1.
  0.99501248 0.98019867 0.95599748]
 [0.83527021 0.8824969  0.92311635 0.95599748 0.98019867 0.99501248
  1.         0.99501248 0.98019867]
 [0.78270454 0.83527021 0.8824969  0.92311635 0.95599748 0.98019867
  0.99501248 1.         0.99501248]
 [0.72614904 0.78270454 0.83527021 0.8824969  0.92311635 0.95599748
  0.98019867 0.99501248 1.        ]]
2025-02-16 13:05:32,496 - INFO - Kich thuoc ma tran thua (COO): (3600, 3600)
2025-02-16 13:05:32,496 - INFO - Mau cua ma tran thua (COO) [du lieu, hang, cot]:
[1.         0.99501248 0.98019867 0.95599748 0.92311635 0.8824969
 0.83527021 0.78270454 0.72614904], [0 0 0 0 0 0 0 0 0], [0 1 2 3 4 5 6 7 8]
2025-02-16 13:05:32,635 - INFO - Kich thuoc ma tran duong cheo (D): (3600, 3600)
2025-02-16 13:05:32,635 - INFO - Mau cua D (9 phan tu dau):
[165.1264778  177.25179481 189.07127635 200.45357968 211.27658208
 221.43049307 230.82038979 239.36808507 247.0132831 ]
2025-02-16 13:05:32,635 - INFO - Kich thuoc ma tran Laplace (L): (3600, 3600)
2025-02-16 13:05:32,636 - INFO - Mau cua L (9x9 phan tu dau):
[[164.1264778   -0.99501248  -0.98019867  -0.95599748  -0.92311635
   -0.8824969   -0.83527021  -0.78270454  -0.72614904]
 [ -0.99501248 176.25179481  -0.99501248  -0.98019867  -0.95599748
   -0.92311635  -0.8824969   -0.83527021  -0.78270454]
 [ -0.98019867  -0.99501248 188.07127635  -0.99501248  -0.98019867
   -0.95599748  -0.92311635  -0.8824969   -0.83527021]
 [ -0.95599748  -0.98019867  -0.99501248 199.45357968  -0.99501248
   -0.98019867  -0.95599748  -0.92311635  -0.8824969 ]
 [ -0.92311635  -0.95599748  -0.98019867  -0.99501248 210.27658208
   -0.99501248  -0.98019867  -0.95599748  -0.92311635]
 [ -0.8824969   -0.92311635  -0.95599748  -0.98019867  -0.99501248
  220.43049307  -0.99501248  -0.98019867  -0.95599748]
 [ -0.83527021  -0.8824969   -0.92311635  -0.95599748  -0.98019867
   -0.99501248 229.82038979  -0.99501248  -0.98019867]
 [ -0.78270454  -0.83527021  -0.8824969   -0.92311635  -0.95599748
   -0.98019867  -0.99501248 238.36808507  -0.99501248]
 [ -0.72614904  -0.78270454  -0.83527021  -0.8824969   -0.92311635
   -0.95599748  -0.98019867  -0.99501248 246.0132831 ]]
2025-02-16 13:05:32,753 - INFO - Thoi gian nhan ma tran - vector (song song): 0.004926 giay
2025-02-16 13:05:32,753 - INFO - Thoi gian tinh tich vo huong (song song): 0.000049 giay
2025-02-16 13:05:32,795 - INFO - Thoi gian: 1.0073578357696533 giay
2025-02-16 13:05:32,795 - INFO - Thoi gian ma tran W: 0.7151327133178711 giay
2025-02-16 13:05:32,795 - INFO - file name: resized_image_65x65.png
2025-02-16 13:05:32,795 - INFO - Lan thu: 0
2025-02-16 13:05:32,797 - INFO - Kich thuoc anh: 65x65x3
2025-02-16 13:05:32,797 - INFO - Kich thuoc dac trung mau: (4225, 3), Kich thuoc toa do: (4225, 2)
2025-02-16 13:05:32,797 - INFO - Dac trung mau:
[[1. 1. 1.]
 [1. 1. 1.]
 [1. 1. 1.]
 [1. 1. 1.]
 [1. 1. 1.]
 [1. 1. 1.]
 [1. 1. 1.]
 [1. 1. 1.]
 [1. 1. 1.]]
2025-02-16 13:05:32,797 - INFO - Toa do:
[[0 0]
 [1 0]
 [2 0]
 [3 0]
 [4 0]
 [5 0]
 [6 0]
 [7 0]
 [8 0]]
2025-02-16 13:05:33,364 - INFO - Kich thuoc ma tran trong so (W): (4225, 4225)
2025-02-16 13:05:33,365 - INFO - Kich thuoc ma tran dac trung mau: (4225, 4225), Kich thuoc ma tran toa do: (4225, 4225)
2025-02-16 13:05:33,393 - INFO - Mau cua W_features (9x9 phan tu dau):
[[1. 1. 1. 1. 1. 1. 1. 1. 1.]
 [1. 1. 1. 1. 1. 1. 1. 1. 1.]
 [1. 1. 1. 1. 1. 1. 1. 1. 1.]
 [1. 1. 1. 1. 1. 1. 1. 1. 1.]
 [1. 1. 1. 1. 1. 1. 1. 1. 1.]
 [1. 1. 1. 1. 1. 1. 1. 1. 1.]
 [1. 1. 1. 1. 1. 1. 1. 1. 1.]
 [1. 1. 1. 1. 1. 1. 1. 1. 1.]
 [1. 1. 1. 1. 1. 1. 1. 1. 1.]]
2025-02-16 13:05:33,394 - INFO - Mau cua W_coords (9x9 phan tu dau):
[[1.         0.99501248 0.98019867 0.95599748 0.92311635 0.8824969
  0.83527021 0.78270454 0.72614904]
 [0.99501248 1.         0.99501248 0.98019867 0.95599748 0.92311635
  0.8824969  0.83527021 0.78270454]
 [0.98019867 0.99501248 1.         0.99501248 0.98019867 0.95599748
  0.92311635 0.8824969  0.83527021]
 [0.95599748 0.98019867 0.99501248 1.         0.99501248 0.98019867
  0.95599748 0.92311635 0.8824969 ]
 [0.92311635 0.95599748 0.98019867 0.99501248 1.         0.99501248
  0.98019867 0.95599748 0.92311635]
 [0.8824969  0.92311635 0.95599748 0.98019867 0.99501248 1.
  0.99501248 0.98019867 0.95599748]
 [0.83527021 0.8824969  0.92311635 0.95599748 0.98019867 0.99501248
  1.         0.99501248 0.98019867]
 [0.78270454 0.83527021 0.8824969  0.92311635 0.95599748 0.98019867
  0.99501248 1.         0.99501248]
 [0.72614904 0.78270454 0.83527021 0.8824969  0.92311635 0.95599748
  0.98019867 0.99501248 1.        ]]
2025-02-16 13:05:33,394 - INFO - Mau cua W (9x9 phan tu dau):
[[1.         0.99501248 0.98019867 0.95599748 0.92311635 0.8824969
  0.83527021 0.78270454 0.72614904]
 [0.99501248 1.         0.99501248 0.98019867 0.95599748 0.92311635
  0.8824969  0.83527021 0.78270454]
 [0.98019867 0.99501248 1.         0.99501248 0.98019867 0.95599748
  0.92311635 0.8824969  0.83527021]
 [0.95599748 0.98019867 0.99501248 1.         0.99501248 0.98019867
  0.95599748 0.92311635 0.8824969 ]
 [0.92311635 0.95599748 0.98019867 0.99501248 1.         0.99501248
  0.98019867 0.95599748 0.92311635]
 [0.8824969  0.92311635 0.95599748 0.98019867 0.99501248 1.
  0.99501248 0.98019867 0.95599748]
 [0.83527021 0.8824969  0.92311635 0.95599748 0.98019867 0.99501248
  1.         0.99501248 0.98019867]
 [0.78270454 0.83527021 0.8824969  0.92311635 0.95599748 0.98019867
  0.99501248 1.         0.99501248]
 [0.72614904 0.78270454 0.83527021 0.8824969  0.92311635 0.95599748
  0.98019867 0.99501248 1.        ]]
2025-02-16 13:05:33,755 - INFO - Kich thuoc ma tran thua (COO): (4225, 4225)
2025-02-16 13:05:33,756 - INFO - Mau cua ma tran thua (COO) [du lieu, hang, cot]:
[1.         0.99501248 0.98019867 0.95599748 0.92311635 0.8824969
 0.83527021 0.78270454 0.72614904], [0 0 0 0 0 0 0 0 0], [0 1 2 3 4 5 6 7 8]
2025-02-16 13:05:33,946 - INFO - Kich thuoc ma tran duong cheo (D): (4225, 4225)
2025-02-16 13:05:33,947 - INFO - Mau cua D (9 phan tu dau):
[166.92113603 179.33951427 191.48478532 203.22679813 214.44431521
 225.0280779  234.88329089 243.93143378 252.1113524 ]
2025-02-16 13:05:33,947 - INFO - Kich thuoc ma tran Laplace (L): (4225, 4225)
2025-02-16 13:05:33,947 - INFO - Mau cua L (9x9 phan tu dau):
[[165.92113603  -0.99501248  -0.98019867  -0.95599748  -0.92311635
   -0.8824969   -0.83527021  -0.78270454  -0.72614904]
 [ -0.99501248 178.33951427  -0.99501248  -0.98019867  -0.95599748
   -0.92311635  -0.8824969   -0.83527021  -0.78270454]
 [ -0.98019867  -0.99501248 190.48478532  -0.99501248  -0.98019867
   -0.95599748  -0.92311635  -0.8824969   -0.83527021]
 [ -0.95599748  -0.98019867  -0.99501248 202.22679813  -0.99501248
   -0.98019867  -0.95599748  -0.92311635  -0.8824969 ]
 [ -0.92311635  -0.95599748  -0.98019867  -0.99501248 213.44431521
   -0.99501248  -0.98019867  -0.95599748  -0.92311635]
 [ -0.8824969   -0.92311635  -0.95599748  -0.98019867  -0.99501248
  224.0280779   -0.99501248  -0.98019867  -0.95599748]
 [ -0.83527021  -0.8824969   -0.92311635  -0.95599748  -0.98019867
   -0.99501248 233.88329089  -0.99501248  -0.98019867]
 [ -0.78270454  -0.83527021  -0.8824969   -0.92311635  -0.95599748
   -0.98019867  -0.99501248 242.93143378  -0.99501248]
 [ -0.72614904  -0.78270454  -0.83527021  -0.8824969   -0.92311635
   -0.95599748  -0.98019867  -0.99501248 251.1113524 ]]
2025-02-16 13:05:34,130 - INFO - Thoi gian nhan ma tran - vector (song song): 0.009868 giay
2025-02-16 13:05:34,130 - INFO - Thoi gian tinh tich vo huong (song song): 0.000104 giay
2025-02-16 13:05:34,201 - INFO - Thoi gian: 1.4054672718048096 giay
2025-02-16 13:05:34,201 - INFO - Thoi gian ma tran W: 0.9716229438781738 giay
2025-02-16 13:05:34,240 - INFO - file name: resized_image_70x70.png
2025-02-16 13:05:34,243 - INFO - Lan thu: 0
2025-02-16 13:05:34,245 - INFO - Kich thuoc anh: 70x70x3
2025-02-16 13:05:34,246 - INFO - Kich thuoc dac trung mau: (4900, 3), Kich thuoc toa do: (4900, 2)
2025-02-16 13:05:34,246 - INFO - Dac trung mau:
[[1. 1. 1.]
 [1. 1. 1.]
 [1. 1. 1.]
 [1. 1. 1.]
 [1. 1. 1.]
 [1. 1. 1.]
 [1. 1. 1.]
 [1. 1. 1.]
 [1. 1. 1.]]
2025-02-16 13:05:34,246 - INFO - Toa do:
[[0 0]
 [1 0]
 [2 0]
 [3 0]
 [4 0]
 [5 0]
 [6 0]
 [7 0]
 [8 0]]
2025-02-16 13:05:35,007 - INFO - Kich thuoc ma tran trong so (W): (4900, 4900)
2025-02-16 13:05:35,007 - INFO - Kich thuoc ma tran dac trung mau: (4900, 4900), Kich thuoc ma tran toa do: (4900, 4900)
2025-02-16 13:05:35,007 - INFO - Mau cua W_features (9x9 phan tu dau):
[[1. 1. 1. 1. 1. 1. 1. 1. 1.]
 [1. 1. 1. 1. 1. 1. 1. 1. 1.]
 [1. 1. 1. 1. 1. 1. 1. 1. 1.]
 [1. 1. 1. 1. 1. 1. 1. 1. 1.]
 [1. 1. 1. 1. 1. 1. 1. 1. 1.]
 [1. 1. 1. 1. 1. 1. 1. 1. 1.]
 [1. 1. 1. 1. 1. 1. 1. 1. 1.]
 [1. 1. 1. 1. 1. 1. 1. 1. 1.]
 [1. 1. 1. 1. 1. 1. 1. 1. 1.]]
2025-02-16 13:05:35,008 - INFO - Mau cua W_coords (9x9 phan tu dau):
[[1.         0.99501248 0.98019867 0.95599748 0.92311635 0.8824969
  0.83527021 0.78270454 0.72614904]
 [0.99501248 1.         0.99501248 0.98019867 0.95599748 0.92311635
  0.8824969  0.83527021 0.78270454]
 [0.98019867 0.99501248 1.         0.99501248 0.98019867 0.95599748
  0.92311635 0.8824969  0.83527021]
 [0.95599748 0.98019867 0.99501248 1.         0.99501248 0.98019867
  0.95599748 0.92311635 0.8824969 ]
 [0.92311635 0.95599748 0.98019867 0.99501248 1.         0.99501248
  0.98019867 0.95599748 0.92311635]
 [0.8824969  0.92311635 0.95599748 0.98019867 0.99501248 1.
  0.99501248 0.98019867 0.95599748]
 [0.83527021 0.8824969  0.92311635 0.95599748 0.98019867 0.99501248
  1.         0.99501248 0.98019867]
 [0.78270454 0.83527021 0.8824969  0.92311635 0.95599748 0.98019867
  0.99501248 1.         0.99501248]
 [0.72614904 0.78270454 0.83527021 0.8824969  0.92311635 0.95599748
  0.98019867 0.99501248 1.        ]]
2025-02-16 13:05:35,008 - INFO - Mau cua W (9x9 phan tu dau):
[[1.         0.99501248 0.98019867 0.95599748 0.92311635 0.8824969
  0.83527021 0.78270454 0.72614904]
 [0.99501248 1.         0.99501248 0.98019867 0.95599748 0.92311635
  0.8824969  0.83527021 0.78270454]
 [0.98019867 0.99501248 1.         0.99501248 0.98019867 0.95599748
  0.92311635 0.8824969  0.83527021]
 [0.95599748 0.98019867 0.99501248 1.         0.99501248 0.98019867
  0.95599748 0.92311635 0.8824969 ]
 [0.92311635 0.95599748 0.98019867 0.99501248 1.         0.99501248
  0.98019867 0.95599748 0.92311635]
 [0.8824969  0.92311635 0.95599748 0.98019867 0.99501248 1.
  0.99501248 0.98019867 0.95599748]
 [0.83527021 0.8824969  0.92311635 0.95599748 0.98019867 0.99501248
  1.         0.99501248 0.98019867]
 [0.78270454 0.83527021 0.8824969  0.92311635 0.95599748 0.98019867
  0.99501248 1.         0.99501248]
 [0.72614904 0.78270454 0.83527021 0.8824969  0.92311635 0.95599748
  0.98019867 0.99501248 1.        ]]
2025-02-16 13:05:35,493 - INFO - Kich thuoc ma tran thua (COO): (4900, 4900)
2025-02-16 13:05:35,493 - INFO - Mau cua ma tran thua (COO) [du lieu, hang, cot]:
[1.         0.99501248 0.98019867 0.95599748 0.92311635 0.8824969
 0.83527021 0.78270454 0.72614904], [0 0 0 0 0 0 0 0 0], [0 1 2 3 4 5 6 7 8]
2025-02-16 13:05:35,747 - INFO - Kich thuoc ma tran duong cheo (D): (4900, 4900)
2025-02-16 13:05:35,747 - INFO - Mau cua D (9 phan tu dau):
[168.19973952 180.84359727 193.24368895 205.2719153  216.80899291
 227.74748383 237.99424073 247.47217381 256.12129099]
2025-02-16 13:05:35,748 - INFO - Kich thuoc ma tran Laplace (L): (4900, 4900)
2025-02-16 13:05:35,748 - INFO - Mau cua L (9x9 phan tu dau):
[[167.19973952  -0.99501248  -0.98019867  -0.95599748  -0.92311635
   -0.8824969   -0.83527021  -0.78270454  -0.72614904]
 [ -0.99501248 179.84359727  -0.99501248  -0.98019867  -0.95599748
   -0.92311635  -0.8824969   -0.83527021  -0.78270454]
 [ -0.98019867  -0.99501248 192.24368895  -0.99501248  -0.98019867
   -0.95599748  -0.92311635  -0.8824969   -0.83527021]
 [ -0.95599748  -0.98019867  -0.99501248 204.2719153   -0.99501248
   -0.98019867  -0.95599748  -0.92311635  -0.8824969 ]
 [ -0.92311635  -0.95599748  -0.98019867  -0.99501248 215.80899291
   -0.99501248  -0.98019867  -0.95599748  -0.92311635]
 [ -0.8824969   -0.92311635  -0.95599748  -0.98019867  -0.99501248
  226.74748383  -0.99501248  -0.98019867  -0.95599748]
 [ -0.83527021  -0.8824969   -0.92311635  -0.95599748  -0.98019867
   -0.99501248 236.99424073  -0.99501248  -0.98019867]
 [ -0.78270454  -0.83527021  -0.8824969   -0.92311635  -0.95599748
   -0.98019867  -0.99501248 246.47217381  -0.99501248]
 [ -0.72614904  -0.78270454  -0.83527021  -0.8824969   -0.92311635
   -0.95599748  -0.98019867  -0.99501248 255.12129099]]
2025-02-16 13:05:35,971 - INFO - Thoi gian nhan ma tran - vector (song song): 0.009934 giay
2025-02-16 13:05:35,971 - INFO - Thoi gian tinh tich vo huong (song song): 0.000064 giay
2025-02-16 13:05:36,049 - INFO - Thoi gian: 1.8086252212524414 giay
2025-02-16 13:05:36,049 - INFO - Thoi gian ma tran W: 1.2651991844177246 giay
2025-02-16 13:05:36,049 - INFO - file name: resized_image_75x75.png
2025-02-16 13:05:36,049 - INFO - Lan thu: 0
2025-02-16 13:05:36,051 - INFO - Kich thuoc anh: 75x75x3
2025-02-16 13:05:36,051 - INFO - Kich thuoc dac trung mau: (5625, 3), Kich thuoc toa do: (5625, 2)
2025-02-16 13:05:36,051 - INFO - Dac trung mau:
[[1. 1. 1.]
 [1. 1. 1.]
 [1. 1. 1.]
 [1. 1. 1.]
 [1. 1. 1.]
 [1. 1. 1.]
 [1. 1. 1.]
 [1. 1. 1.]
 [1. 1. 1.]]
2025-02-16 13:05:36,051 - INFO - Toa do:
[[0 0]
 [1 0]
 [2 0]
 [3 0]
 [4 0]
 [5 0]
 [6 0]
 [7 0]
 [8 0]]
2025-02-16 13:05:37,061 - INFO - Kich thuoc ma tran trong so (W): (5625, 5625)
2025-02-16 13:05:37,061 - INFO - Kich thuoc ma tran dac trung mau: (5625, 5625), Kich thuoc ma tran toa do: (5625, 5625)
2025-02-16 13:05:37,062 - INFO - Mau cua W_features (9x9 phan tu dau):
[[1. 1. 1. 1. 1. 1. 1. 1. 1.]
 [1. 1. 1. 1. 1. 1. 1. 1. 1.]
 [1. 1. 1. 1. 1. 1. 1. 1. 1.]
 [1. 1. 1. 1. 1. 1. 1. 1. 1.]
 [1. 1. 1. 1. 1. 1. 1. 1. 1.]
 [1. 1. 1. 1. 1. 1. 1. 1. 1.]
 [1. 1. 1. 1. 1. 1. 1. 1. 1.]
 [1. 1. 1. 1. 1. 1. 1. 1. 1.]
 [1. 1. 1. 1. 1. 1. 1. 1. 1.]]
2025-02-16 13:05:37,062 - INFO - Mau cua W_coords (9x9 phan tu dau):
[[1.         0.99501248 0.98019867 0.95599748 0.92311635 0.8824969
  0.83527021 0.78270454 0.72614904]
 [0.99501248 1.         0.99501248 0.98019867 0.95599748 0.92311635
  0.8824969  0.83527021 0.78270454]
 [0.98019867 0.99501248 1.         0.99501248 0.98019867 0.95599748
  0.92311635 0.8824969  0.83527021]
 [0.95599748 0.98019867 0.99501248 1.         0.99501248 0.98019867
  0.95599748 0.92311635 0.8824969 ]
 [0.92311635 0.95599748 0.98019867 0.99501248 1.         0.99501248
  0.98019867 0.95599748 0.92311635]
 [0.8824969  0.92311635 0.95599748 0.98019867 0.99501248 1.
  0.99501248 0.98019867 0.95599748]
 [0.83527021 0.8824969  0.92311635 0.95599748 0.98019867 0.99501248
  1.         0.99501248 0.98019867]
 [0.78270454 0.83527021 0.8824969  0.92311635 0.95599748 0.98019867
  0.99501248 1.         0.99501248]
 [0.72614904 0.78270454 0.83527021 0.8824969  0.92311635 0.95599748
  0.98019867 0.99501248 1.        ]]
2025-02-16 13:05:37,062 - INFO - Mau cua W (9x9 phan tu dau):
[[1.         0.99501248 0.98019867 0.95599748 0.92311635 0.8824969
  0.83527021 0.78270454 0.72614904]
 [0.99501248 1.         0.99501248 0.98019867 0.95599748 0.92311635
  0.8824969  0.83527021 0.78270454]
 [0.98019867 0.99501248 1.         0.99501248 0.98019867 0.95599748
  0.92311635 0.8824969  0.83527021]
 [0.95599748 0.98019867 0.99501248 1.         0.99501248 0.98019867
  0.95599748 0.92311635 0.8824969 ]
 [0.92311635 0.95599748 0.98019867 0.99501248 1.         0.99501248
  0.98019867 0.95599748 0.92311635]
 [0.8824969  0.92311635 0.95599748 0.98019867 0.99501248 1.
  0.99501248 0.98019867 0.95599748]
 [0.83527021 0.8824969  0.92311635 0.95599748 0.98019867 0.99501248
  1.         0.99501248 0.98019867]
 [0.78270454 0.83527021 0.8824969  0.92311635 0.95599748 0.98019867
  0.99501248 1.         0.99501248]
 [0.72614904 0.78270454 0.83527021 0.8824969  0.92311635 0.95599748
  0.98019867 0.99501248 1.        ]]
2025-02-16 13:05:37,770 - INFO - Kich thuoc ma tran thua (COO): (5625, 5625)
2025-02-16 13:05:37,770 - INFO - Mau cua ma tran thua (COO) [du lieu, hang, cot]:
[1.         0.99501248 0.98019867 0.95599748 0.92311635 0.8824969
 0.83527021 0.78270454 0.72614904], [0 0 0 0 0 0 0 0 0], [0 1 2 3 4 5 6 7 8]
2025-02-16 13:05:38,120 - INFO - Kich thuoc ma tran duong cheo (D): (5625, 5625)
2025-02-16 13:05:38,120 - INFO - Mau cua D (9 phan tu dau):
[168.89770825 181.67001507 194.21661805 206.4110467  218.13569037
 229.2848204  239.76702447 249.5069572  258.4463562 ]
2025-02-16 13:05:38,121 - INFO - Kich thuoc ma tran Laplace (L): (5625, 5625)
2025-02-16 13:05:38,121 - INFO - Mau cua L (9x9 phan tu dau):
[[167.89770825  -0.99501248  -0.98019867  -0.95599748  -0.92311635
   -0.8824969   -0.83527021  -0.78270454  -0.72614904]
 [ -0.99501248 180.67001507  -0.99501248  -0.98019867  -0.95599748
   -0.92311635  -0.8824969   -0.83527021  -0.78270454]
 [ -0.98019867  -0.99501248 193.21661805  -0.99501248  -0.98019867
   -0.95599748  -0.92311635  -0.8824969   -0.83527021]
 [ -0.95599748  -0.98019867  -0.99501248 205.4110467   -0.99501248
   -0.98019867  -0.95599748  -0.92311635  -0.8824969 ]
 [ -0.92311635  -0.95599748  -0.98019867  -0.99501248 217.13569037
   -0.99501248  -0.98019867  -0.95599748  -0.92311635]
 [ -0.8824969   -0.92311635  -0.95599748  -0.98019867  -0.99501248
  228.2848204   -0.99501248  -0.98019867  -0.95599748]
 [ -0.83527021  -0.8824969   -0.92311635  -0.95599748  -0.98019867
   -0.99501248 238.76702447  -0.99501248  -0.98019867]
 [ -0.78270454  -0.83527021  -0.8824969   -0.92311635  -0.95599748
   -0.98019867  -0.99501248 248.5069572   -0.99501248]
 [ -0.72614904  -0.78270454  -0.83527021  -0.8824969   -0.92311635
   -0.95599748  -0.98019867  -0.99501248 257.4463562 ]]
2025-02-16 13:05:38,490 - INFO - Thoi gian nhan ma tran - vector (song song): 0.015109 giay
2025-02-16 13:05:38,490 - INFO - Thoi gian tinh tich vo huong (song song): 0.000073 giay
2025-02-16 13:05:38,605 - INFO - Thoi gian: 2.5560176372528076 giay
2025-02-16 13:05:38,605 - INFO - Thoi gian ma tran W: 1.7417175769805908 giay
2025-02-16 13:05:38,605 - INFO - file name: resized_image_80x80.png
2025-02-16 13:05:38,605 - INFO - Lan thu: 0
2025-02-16 13:05:38,607 - INFO - Kich thuoc anh: 80x80x3
2025-02-16 13:05:38,607 - INFO - Kich thuoc dac trung mau: (6400, 3), Kich thuoc toa do: (6400, 2)
2025-02-16 13:05:38,607 - INFO - Dac trung mau:
[[1. 1. 1.]
 [1. 1. 1.]
 [1. 1. 1.]
 [1. 1. 1.]
 [1. 1. 1.]
 [1. 1. 1.]
 [1. 1. 1.]
 [1. 1. 1.]
 [1. 1. 1.]]
2025-02-16 13:05:38,608 - INFO - Toa do:
[[0 0]
 [1 0]
 [2 0]
 [3 0]
 [4 0]
 [5 0]
 [6 0]
 [7 0]
 [8 0]]
2025-02-16 13:05:39,906 - INFO - Kich thuoc ma tran trong so (W): (6400, 6400)
2025-02-16 13:05:39,906 - INFO - Kich thuoc ma tran dac trung mau: (6400, 6400), Kich thuoc ma tran toa do: (6400, 6400)
2025-02-16 13:05:39,906 - INFO - Mau cua W_features (9x9 phan tu dau):
[[1. 1. 1. 1. 1. 1. 1. 1. 1.]
 [1. 1. 1. 1. 1. 1. 1. 1. 1.]
 [1. 1. 1. 1. 1. 1. 1. 1. 1.]
 [1. 1. 1. 1. 1. 1. 1. 1. 1.]
 [1. 1. 1. 1. 1. 1. 1. 1. 1.]
 [1. 1. 1. 1. 1. 1. 1. 1. 1.]
 [1. 1. 1. 1. 1. 1. 1. 1. 1.]
 [1. 1. 1. 1. 1. 1. 1. 1. 1.]
 [1. 1. 1. 1. 1. 1. 1. 1. 1.]]
2025-02-16 13:05:39,907 - INFO - Mau cua W_coords (9x9 phan tu dau):
[[1.         0.99501248 0.98019867 0.95599748 0.92311635 0.8824969
  0.83527021 0.78270454 0.72614904]
 [0.99501248 1.         0.99501248 0.98019867 0.95599748 0.92311635
  0.8824969  0.83527021 0.78270454]
 [0.98019867 0.99501248 1.         0.99501248 0.98019867 0.95599748
  0.92311635 0.8824969  0.83527021]
 [0.95599748 0.98019867 0.99501248 1.         0.99501248 0.98019867
  0.95599748 0.92311635 0.8824969 ]
 [0.92311635 0.95599748 0.98019867 0.99501248 1.         0.99501248
  0.98019867 0.95599748 0.92311635]
 [0.8824969  0.92311635 0.95599748 0.98019867 0.99501248 1.
  0.99501248 0.98019867 0.95599748]
 [0.83527021 0.8824969  0.92311635 0.95599748 0.98019867 0.99501248
  1.         0.99501248 0.98019867]
 [0.78270454 0.83527021 0.8824969  0.92311635 0.95599748 0.98019867
  0.99501248 1.         0.99501248]
 [0.72614904 0.78270454 0.83527021 0.8824969  0.92311635 0.95599748
  0.98019867 0.99501248 1.        ]]
2025-02-16 13:05:39,907 - INFO - Mau cua W (9x9 phan tu dau):
[[1.         0.99501248 0.98019867 0.95599748 0.92311635 0.8824969
  0.83527021 0.78270454 0.72614904]
 [0.99501248 1.         0.99501248 0.98019867 0.95599748 0.92311635
  0.8824969  0.83527021 0.78270454]
 [0.98019867 0.99501248 1.         0.99501248 0.98019867 0.95599748
  0.92311635 0.8824969  0.83527021]
 [0.95599748 0.98019867 0.99501248 1.         0.99501248 0.98019867
  0.95599748 0.92311635 0.8824969 ]
 [0.92311635 0.95599748 0.98019867 0.99501248 1.         0.99501248
  0.98019867 0.95599748 0.92311635]
 [0.8824969  0.92311635 0.95599748 0.98019867 0.99501248 1.
  0.99501248 0.98019867 0.95599748]
 [0.83527021 0.8824969  0.92311635 0.95599748 0.98019867 0.99501248
  1.         0.99501248 0.98019867]
 [0.78270454 0.83527021 0.8824969  0.92311635 0.95599748 0.98019867
  0.99501248 1.         0.99501248]
 [0.72614904 0.78270454 0.83527021 0.8824969  0.92311635 0.95599748
  0.98019867 0.99501248 1.        ]]
2025-02-16 13:05:40,783 - INFO - Kich thuoc ma tran thua (COO): (6400, 6400)
2025-02-16 13:05:40,784 - INFO - Mau cua ma tran thua (COO) [du lieu, hang, cot]:
[1.         0.99501248 0.98019867 0.95599748 0.92311635 0.8824969
 0.83527021 0.78270454 0.72614904], [0 0 0 0 0 0 0 0 0], [0 1 2 3 4 5 6 7 8]
2025-02-16 13:05:41,268 - INFO - Kich thuoc ma tran duong cheo (D): (6400, 6400)
2025-02-16 13:05:41,268 - INFO - Mau cua D (9 phan tu dau):
[169.33885259 182.19784368 194.84465079 207.15428294 219.01069098
 230.30978859 240.96188413 250.89342624 260.04801097]
2025-02-16 13:05:41,268 - INFO - Kich thuoc ma tran Laplace (L): (6400, 6400)
2025-02-16 13:05:41,268 - INFO - Mau cua L (9x9 phan tu dau):
[[168.33885259  -0.99501248  -0.98019867  -0.95599748  -0.92311635
   -0.8824969   -0.83527021  -0.78270454  -0.72614904]
 [ -0.99501248 181.19784368  -0.99501248  -0.98019867  -0.95599748
   -0.92311635  -0.8824969   -0.83527021  -0.78270454]
 [ -0.98019867  -0.99501248 193.84465079  -0.99501248  -0.98019867
   -0.95599748  -0.92311635  -0.8824969   -0.83527021]
 [ -0.95599748  -0.98019867  -0.99501248 206.15428294  -0.99501248
   -0.98019867  -0.95599748  -0.92311635  -0.8824969 ]
 [ -0.92311635  -0.95599748  -0.98019867  -0.99501248 218.01069098
   -0.99501248  -0.98019867  -0.95599748  -0.92311635]
 [ -0.8824969   -0.92311635  -0.95599748  -0.98019867  -0.99501248
  229.30978859  -0.99501248  -0.98019867  -0.95599748]
 [ -0.83527021  -0.8824969   -0.92311635  -0.95599748  -0.98019867
   -0.99501248 239.96188413  -0.99501248  -0.98019867]
 [ -0.78270454  -0.83527021  -0.8824969   -0.92311635  -0.95599748
   -0.98019867  -0.99501248 249.89342624  -0.99501248]
 [ -0.72614904  -0.78270454  -0.83527021  -0.8824969   -0.92311635
   -0.95599748  -0.98019867  -0.99501248 259.04801097]]
2025-02-16 13:05:41,737 - INFO - Thoi gian nhan ma tran - vector (song song): 0.021107 giay
2025-02-16 13:05:41,738 - INFO - Thoi gian tinh tich vo huong (song song): 0.000193 giay
2025-02-16 13:05:41,871 - INFO - Thoi gian: 3.2656400203704834 giay
2025-02-16 13:05:41,871 - INFO - Thoi gian ma tran W: 2.205979347229004 giay
2025-02-16 13:05:41,871 - INFO - file name: resized_image_85x85.png
2025-02-16 13:05:41,871 - INFO - Lan thu: 0
2025-02-16 13:05:41,873 - INFO - Kich thuoc anh: 85x85x3
2025-02-16 13:05:41,873 - INFO - Kich thuoc dac trung mau: (7225, 3), Kich thuoc toa do: (7225, 2)
2025-02-16 13:05:41,873 - INFO - Dac trung mau:
[[1. 1. 1.]
 [1. 1. 1.]
 [1. 1. 1.]
 [1. 1. 1.]
 [1. 1. 1.]
 [1. 1. 1.]
 [1. 1. 1.]
 [1. 1. 1.]
 [1. 1. 1.]]
2025-02-16 13:05:41,873 - INFO - Toa do:
[[0 0]
 [1 0]
 [2 0]
 [3 0]
 [4 0]
 [5 0]
 [6 0]
 [7 0]
 [8 0]]
2025-02-16 13:05:43,555 - INFO - Kich thuoc ma tran trong so (W): (7225, 7225)
2025-02-16 13:05:43,556 - INFO - Kich thuoc ma tran dac trung mau: (7225, 7225), Kich thuoc ma tran toa do: (7225, 7225)
2025-02-16 13:05:43,556 - INFO - Mau cua W_features (9x9 phan tu dau):
[[1. 1. 1. 1. 1. 1. 1. 1. 1.]
 [1. 1. 1. 1. 1. 1. 1. 1. 1.]
 [1. 1. 1. 1. 1. 1. 1. 1. 1.]
 [1. 1. 1. 1. 1. 1. 1. 1. 1.]
 [1. 1. 1. 1. 1. 1. 1. 1. 1.]
 [1. 1. 1. 1. 1. 1. 1. 1. 1.]
 [1. 1. 1. 1. 1. 1. 1. 1. 1.]
 [1. 1. 1. 1. 1. 1. 1. 1. 1.]
 [1. 1. 1. 1. 1. 1. 1. 1. 1.]]
2025-02-16 13:05:43,556 - INFO - Mau cua W_coords (9x9 phan tu dau):
[[1.         0.99501248 0.98019867 0.95599748 0.92311635 0.8824969
  0.83527021 0.78270454 0.72614904]
 [0.99501248 1.         0.99501248 0.98019867 0.95599748 0.92311635
  0.8824969  0.83527021 0.78270454]
 [0.98019867 0.99501248 1.         0.99501248 0.98019867 0.95599748
  0.92311635 0.8824969  0.83527021]
 [0.95599748 0.98019867 0.99501248 1.         0.99501248 0.98019867
  0.95599748 0.92311635 0.8824969 ]
 [0.92311635 0.95599748 0.98019867 0.99501248 1.         0.99501248
  0.98019867 0.95599748 0.92311635]
 [0.8824969  0.92311635 0.95599748 0.98019867 0.99501248 1.
  0.99501248 0.98019867 0.95599748]
 [0.83527021 0.8824969  0.92311635 0.95599748 0.98019867 0.99501248
  1.         0.99501248 0.98019867]
 [0.78270454 0.83527021 0.8824969  0.92311635 0.95599748 0.98019867
  0.99501248 1.         0.99501248]
 [0.72614904 0.78270454 0.83527021 0.8824969  0.92311635 0.95599748
  0.98019867 0.99501248 1.        ]]
2025-02-16 13:05:43,557 - INFO - Mau cua W (9x9 phan tu dau):
[[1.         0.99501248 0.98019867 0.95599748 0.92311635 0.8824969
  0.83527021 0.78270454 0.72614904]
 [0.99501248 1.         0.99501248 0.98019867 0.95599748 0.92311635
  0.8824969  0.83527021 0.78270454]
 [0.98019867 0.99501248 1.         0.99501248 0.98019867 0.95599748
  0.92311635 0.8824969  0.83527021]
 [0.95599748 0.98019867 0.99501248 1.         0.99501248 0.98019867
  0.95599748 0.92311635 0.8824969 ]
 [0.92311635 0.95599748 0.98019867 0.99501248 1.         0.99501248
  0.98019867 0.95599748 0.92311635]
 [0.8824969  0.92311635 0.95599748 0.98019867 0.99501248 1.
  0.99501248 0.98019867 0.95599748]
 [0.83527021 0.8824969  0.92311635 0.95599748 0.98019867 0.99501248
  1.         0.99501248 0.98019867]
 [0.78270454 0.83527021 0.8824969  0.92311635 0.95599748 0.98019867
  0.99501248 1.         0.99501248]
 [0.72614904 0.78270454 0.83527021 0.8824969  0.92311635 0.95599748
  0.98019867 0.99501248 1.        ]]
2025-02-16 13:05:44,656 - INFO - Kich thuoc ma tran thua (COO): (7225, 7225)
2025-02-16 13:05:44,657 - INFO - Mau cua ma tran thua (COO) [du lieu, hang, cot]:
[1.         0.99501248 0.98019867 0.95599748 0.92311635 0.8824969
 0.83527021 0.78270454 0.72614904], [0 0 0 0 0 0 0 0 0], [0 1 2 3 4 5 6 7 8]
2025-02-16 13:05:45,239 - INFO - Kich thuoc ma tran duong cheo (D): (7225, 7225)
2025-02-16 13:05:45,239 - INFO - Mau cua D (9 phan tu dau):
[169.57499302 182.48147448 195.18344325 207.55679463 219.48642253
 230.86924231 241.61662465 251.65614306 260.93258181]
