2025-01-12 14:32:47,324 - INFO - Bat dau tinh ma tran trong so...
2025-01-12 14:32:47,328 - INFO - Kich thuoc anh: 98x100x3
2025-01-12 14:32:47,328 - INFO - Kich thuoc dac trung mau: (9800, 3), Kich thuoc toa do: (9800, 2)
2025-01-12 14:32:47,337 - INFO - Dac trung mau:
[[1. 1. 1.]
 [1. 1. 1.]
 [1. 1. 1.]
 [1. 1. 1.]
 [1. 1. 1.]
 [1. 1. 1.]
 [1. 1. 1.]
 [1. 1. 1.]
 [1. 1. 1.]]
2025-01-12 14:32:47,342 - INFO - Toa do:
[[0 0]
 [1 0]
 [2 0]
 [3 0]
 [4 0]
 [5 0]
 [6 0]
 [7 0]
 [8 0]]
2025-01-12 14:32:51,728 - INFO - Kich thuoc ma tran trong so (W): (9800, 9800)
2025-01-12 14:32:51,729 - INFO - Kich thuoc ma tran dac trung mau: (9800, 9800), Kich thuoc ma tran toa do: (9800, 9800)
2025-01-12 14:32:51,729 - INFO - Mau cua W_features (9x9 phan tu dau):
[[1. 1. 1. 1. 1. 1. 1. 1. 1.]
 [1. 1. 1. 1. 1. 1. 1. 1. 1.]
 [1. 1. 1. 1. 1. 1. 1. 1. 1.]
 [1. 1. 1. 1. 1. 1. 1. 1. 1.]
 [1. 1. 1. 1. 1. 1. 1. 1. 1.]
 [1. 1. 1. 1. 1. 1. 1. 1. 1.]
 [1. 1. 1. 1. 1. 1. 1. 1. 1.]
 [1. 1. 1. 1. 1. 1. 1. 1. 1.]
 [1. 1. 1. 1. 1. 1. 1. 1. 1.]]
2025-01-12 14:32:51,896 - INFO - Mau cua W_coords (9x9 phan tu dau):
[[1.         0.99501248 0.98019867 0.95599748 0.92311635 0.8824969
  0.83527021 0.78270454 0.72614904]
 [0.99501248 1.         0.99501248 0.98019867 0.95599748 0.92311635
  0.8824969  0.83527021 0.78270454]
 [0.98019867 0.99501248 1.         0.99501248 0.98019867 0.95599748
  0.92311635 0.8824969  0.83527021]
 [0.95599748 0.98019867 0.99501248 1.         0.99501248 0.98019867
  0.95599748 0.92311635 0.8824969 ]
 [0.92311635 0.95599748 0.98019867 0.99501248 1.         0.99501248
  0.98019867 0.95599748 0.92311635]
 [0.8824969  0.92311635 0.95599748 0.98019867 0.99501248 1.
  0.99501248 0.98019867 0.95599748]
 [0.83527021 0.8824969  0.92311635 0.95599748 0.98019867 0.99501248
  1.         0.99501248 0.98019867]
 [0.78270454 0.83527021 0.8824969  0.92311635 0.95599748 0.98019867
  0.99501248 1.         0.99501248]
 [0.72614904 0.78270454 0.83527021 0.8824969  0.92311635 0.95599748
  0.98019867 0.99501248 1.        ]]
2025-01-12 14:32:51,897 - INFO - Mau cua W (9x9 phan tu dau):
[[1.         0.99501248 0.98019867 0.95599748 0.92311635 0.8824969
  0.83527021 0.78270454 0.72614904]
 [0.99501248 1.         0.99501248 0.98019867 0.95599748 0.92311635
  0.8824969  0.83527021 0.78270454]
 [0.98019867 0.99501248 1.         0.99501248 0.98019867 0.95599748
  0.92311635 0.8824969  0.83527021]
 [0.95599748 0.98019867 0.99501248 1.         0.99501248 0.98019867
  0.95599748 0.92311635 0.8824969 ]
 [0.92311635 0.95599748 0.98019867 0.99501248 1.         0.99501248
  0.98019867 0.95599748 0.92311635]
 [0.8824969  0.92311635 0.95599748 0.98019867 0.99501248 1.
  0.99501248 0.98019867 0.95599748]
 [0.83527021 0.8824969  0.92311635 0.95599748 0.98019867 0.99501248
  1.         0.99501248 0.98019867]
 [0.78270454 0.83527021 0.8824969  0.92311635 0.95599748 0.98019867
  0.99501248 1.         0.99501248]
 [0.72614904 0.78270454 0.83527021 0.8824969  0.92311635 0.95599748
  0.98019867 0.99501248 1.        ]]
2025-01-12 14:32:51,964 - INFO - Tinh ma tran Laplace...
2025-01-12 14:32:52,863 - INFO - Kich thuoc ma tran duong cheo (D): (9800, 9800)
2025-01-12 14:32:52,863 - INFO - Mau cua D (9x9 phan tu dau):
[[147.80452214   0.           0.           0.           0.
    0.           0.           0.           0.        ]
 [  0.         159.98162611   0.           0.           0.
    0.           0.           0.           0.        ]
 [  0.           0.         172.14297343   0.           0.
    0.           0.           0.           0.        ]
 [  0.           0.           0.         184.18042003   0.
    0.           0.           0.           0.        ]
 [  0.           0.           0.           0.         195.99016062
    0.           0.           0.           0.        ]
 [  0.           0.           0.           0.           0.
  207.4754227    0.           0.           0.        ]
 [  0.           0.           0.           0.           0.
    0.         218.54880763   0.           0.        ]
 [  0.           0.           0.           0.           0.
    0.           0.         229.13418658   0.        ]
 [  0.           0.           0.           0.           0.
    0.           0.           0.         239.16808894]]
2025-01-12 14:32:52,864 - INFO - Kich thuoc ma tran Laplace (L): (9800, 9800)
2025-01-12 14:32:52,864 - INFO - Mau cua L (9x9 phan tu dau):
[[146.80452214  -0.99501248  -0.98019867  -0.95599748  -0.92311635
   -0.8824969   -0.83527021  -0.78270454  -0.72614904]
 [ -0.99501248 158.98162611  -0.99501248  -0.98019867  -0.95599748
   -0.92311635  -0.8824969   -0.83527021  -0.78270454]
 [ -0.98019867  -0.99501248 171.14297343  -0.99501248  -0.98019867
   -0.95599748  -0.92311635  -0.8824969   -0.83527021]
 [ -0.95599748  -0.98019867  -0.99501248 183.18042003  -0.99501248
   -0.98019867  -0.95599748  -0.92311635  -0.8824969 ]
 [ -0.92311635  -0.95599748  -0.98019867  -0.99501248 194.99016062
   -0.99501248  -0.98019867  -0.95599748  -0.92311635]
 [ -0.8824969   -0.92311635  -0.95599748  -0.98019867  -0.99501248
  206.4754227   -0.99501248  -0.98019867  -0.95599748]
 [ -0.83527021  -0.8824969   -0.92311635  -0.95599748  -0.98019867
   -0.99501248 217.54880763  -0.99501248  -0.98019867]
 [ -0.78270454  -0.83527021  -0.8824969   -0.92311635  -0.95599748
   -0.98019867  -0.99501248 228.13418658  -0.99501248]
 [ -0.72614904  -0.78270454  -0.83527021  -0.8824969   -0.92311635
   -0.95599748  -0.98019867  -0.99501248 238.16808894]]
2025-01-12 14:32:52,865 - INFO - Tinh vector rieng...
2025-01-12 14:35:05,195 - INFO - Tri rieng (Eigenvalues): [5.88152009e-17 9.27768649e-06 5.02174674e-04]
2025-01-12 14:35:05,196 - INFO - Kich thuoc vector rieng: (9800, 3)
2025-01-12 14:35:05,196 - INFO - Mau cua vector rieng (9 hang dau):
[[5.69108033e-04 4.15394295e-04 1.22352178e-05]
 [5.69108033e-04 4.15394463e-04 1.22370806e-05]
 [5.69108033e-04 4.15394648e-04 1.22391020e-05]
 [5.69108033e-04 4.15394848e-04 1.22412931e-05]
 [5.69108033e-04 4.15395067e-04 1.22436649e-05]
 [5.69108033e-04 4.15395304e-04 1.22462284e-05]
 [5.69108033e-04 4.15395560e-04 1.22489943e-05]
 [5.69108033e-04 4.15395837e-04 1.22519726e-05]
 [5.69108033e-04 4.15396134e-04 1.22551728e-05]]
2025-01-12 14:35:05,196 - INFO - Gan nhan cho cac diem anh...
2025-01-12 14:35:05,421 - INFO - Nhan gan cho 27 pixel dau tien: [2 2 2 2 2 2 2 2 2 2 2 2 2 2 2 2 2 2 2 2 2 2 2 2 2 2 2]
2025-01-12 14:35:05,421 - INFO - Hien thi ket qua...
2025-01-12 14:35:05,421 - INFO - Thoi gian: 138.1948115825653 giay
