2025-02-07 11:21:50,220 - INFO - Bat dau tinh ma tran trong so...
2025-02-07 11:21:50,221 - INFO - Kich thuoc anh: 98x100x3
2025-02-07 11:21:50,221 - INFO - Kich thuoc dac trung mau: (9800, 3), Kich thuoc toa do: (9800, 2)
2025-02-07 11:21:50,221 - INFO - Dac trung mau:
[[1. 1. 1.]
 [1. 1. 1.]
 [1. 1. 1.]
 [1. 1. 1.]
 [1. 1. 1.]
 [1. 1. 1.]
 [1. 1. 1.]
 [1. 1. 1.]
 [1. 1. 1.]]
2025-02-07 11:21:50,221 - INFO - Toa do:
[[0 0]
 [1 0]
 [2 0]
 [3 0]
 [4 0]
 [5 0]
 [6 0]
 [7 0]
 [8 0]]
2025-02-07 11:21:57,631 - INFO - Kich thuoc ma tran trong so (W): (9800, 9800)
2025-02-07 11:21:57,631 - INFO - Kich thuoc ma tran dac trung mau: (9800, 9800), Kich thuoc ma tran toa do: (9800, 9800)
2025-02-07 11:21:57,632 - INFO - Mau cua W_features (9x9 phan tu dau):
[[1. 1. 1. 1. 1. 1. 1. 1. 1.]
 [1. 1. 1. 1. 1. 1. 1. 1. 1.]
 [1. 1. 1. 1. 1. 1. 1. 1. 1.]
 [1. 1. 1. 1. 1. 1. 1. 1. 1.]
 [1. 1. 1. 1. 1. 1. 1. 1. 1.]
 [1. 1. 1. 1. 1. 1. 1. 1. 1.]
 [1. 1. 1. 1. 1. 1. 1. 1. 1.]
 [1. 1. 1. 1. 1. 1. 1. 1. 1.]
 [1. 1. 1. 1. 1. 1. 1. 1. 1.]]
2025-02-07 11:21:57,632 - INFO - Mau cua W_coords (9x9 phan tu dau):
[[1.         0.99501248 0.98019867 0.95599748 0.92311635 0.8824969
  0.83527021 0.78270454 0.72614904]
 [0.99501248 1.         0.99501248 0.98019867 0.95599748 0.92311635
  0.8824969  0.83527021 0.78270454]
 [0.98019867 0.99501248 1.         0.99501248 0.98019867 0.95599748
  0.92311635 0.8824969  0.83527021]
 [0.95599748 0.98019867 0.99501248 1.         0.99501248 0.98019867
  0.95599748 0.92311635 0.8824969 ]
 [0.92311635 0.95599748 0.98019867 0.99501248 1.         0.99501248
  0.98019867 0.95599748 0.92311635]
 [0.8824969  0.92311635 0.95599748 0.98019867 0.99501248 1.
  0.99501248 0.98019867 0.95599748]
 [0.83527021 0.8824969  0.92311635 0.95599748 0.98019867 0.99501248
  1.         0.99501248 0.98019867]
 [0.78270454 0.83527021 0.8824969  0.92311635 0.95599748 0.98019867
  0.99501248 1.         0.99501248]
 [0.72614904 0.78270454 0.83527021 0.8824969  0.92311635 0.95599748
  0.98019867 0.99501248 1.        ]]
2025-02-07 11:21:57,634 - INFO - Mau cua W (9x9 phan tu dau):
[[1.         0.99501248 0.98019867 0.95599748 0.92311635 0.8824969
  0.83527021 0.78270454 0.72614904]
 [0.99501248 1.         0.99501248 0.98019867 0.95599748 0.92311635
  0.8824969  0.83527021 0.78270454]
 [0.98019867 0.99501248 1.         0.99501248 0.98019867 0.95599748
  0.92311635 0.8824969  0.83527021]
 [0.95599748 0.98019867 0.99501248 1.         0.99501248 0.98019867
  0.95599748 0.92311635 0.8824969 ]
 [0.92311635 0.95599748 0.98019867 0.99501248 1.         0.99501248
  0.98019867 0.95599748 0.92311635]
 [0.8824969  0.92311635 0.95599748 0.98019867 0.99501248 1.
  0.99501248 0.98019867 0.95599748]
 [0.83527021 0.8824969  0.92311635 0.95599748 0.98019867 0.99501248
  1.         0.99501248 0.98019867]
 [0.78270454 0.83527021 0.8824969  0.92311635 0.95599748 0.98019867
  0.99501248 1.         0.99501248]
 [0.72614904 0.78270454 0.83527021 0.8824969  0.92311635 0.95599748
  0.98019867 0.99501248 1.        ]]
2025-02-07 11:21:57,698 - INFO - Tinh ma tran Laplace...
2025-02-07 11:21:58,210 - INFO - Kich thuoc ma tran duong cheo (D): (9800, 9800)
2025-02-07 11:21:58,210 - INFO - Mau cua D (9x9 phan tu dau):
[[147.80452214   0.           0.           0.           0.
    0.           0.           0.           0.        ]
 [  0.         159.98162611   0.           0.           0.
    0.           0.           0.           0.        ]
 [  0.           0.         172.14297343   0.           0.
    0.           0.           0.           0.        ]
 [  0.           0.           0.         184.18042003   0.
    0.           0.           0.           0.        ]
 [  0.           0.           0.           0.         195.99016062
    0.           0.           0.           0.        ]
 [  0.           0.           0.           0.           0.
  207.4754227    0.           0.           0.        ]
 [  0.           0.           0.           0.           0.
    0.         218.54880763   0.           0.        ]
 [  0.           0.           0.           0.           0.
    0.           0.         229.13418658   0.        ]
 [  0.           0.           0.           0.           0.
    0.           0.           0.         239.16808894]]
2025-02-07 11:21:58,211 - INFO - Kich thuoc ma tran Laplace (L): (9800, 9800)
2025-02-07 11:21:58,211 - INFO - Mau cua L (9x9 phan tu dau):
[[146.80452214  -0.99501248  -0.98019867  -0.95599748  -0.92311635
   -0.8824969   -0.83527021  -0.78270454  -0.72614904]
 [ -0.99501248 158.98162611  -0.99501248  -0.98019867  -0.95599748
   -0.92311635  -0.8824969   -0.83527021  -0.78270454]
 [ -0.98019867  -0.99501248 171.14297343  -0.99501248  -0.98019867
   -0.95599748  -0.92311635  -0.8824969   -0.83527021]
 [ -0.95599748  -0.98019867  -0.99501248 183.18042003  -0.99501248
   -0.98019867  -0.95599748  -0.92311635  -0.8824969 ]
 [ -0.92311635  -0.95599748  -0.98019867  -0.99501248 194.99016062
   -0.99501248  -0.98019867  -0.95599748  -0.92311635]
 [ -0.8824969   -0.92311635  -0.95599748  -0.98019867  -0.99501248
  206.4754227   -0.99501248  -0.98019867  -0.95599748]
 [ -0.83527021  -0.8824969   -0.92311635  -0.95599748  -0.98019867
   -0.99501248 217.54880763  -0.99501248  -0.98019867]
 [ -0.78270454  -0.83527021  -0.8824969   -0.92311635  -0.95599748
   -0.98019867  -0.99501248 228.13418658  -0.99501248]
 [ -0.72614904  -0.78270454  -0.83527021  -0.8824969   -0.92311635
   -0.95599748  -0.98019867  -0.99501248 238.16808894]]
2025-02-07 11:21:58,212 - INFO - Tinh vector rieng...
2025-02-07 11:23:35,389 - INFO - Tri rieng (Eigenvalues): [6.71084112e-17 9.27768649e-06 5.02174674e-04]
2025-02-07 11:23:35,389 - INFO - Kich thuoc vector rieng: (9800, 3)
2025-02-07 11:23:35,389 - INFO - Mau cua vector rieng (9 hang dau):
[[5.69108033e-04 4.15394295e-04 1.22352178e-05]
 [5.69108033e-04 4.15394463e-04 1.22370806e-05]
 [5.69108033e-04 4.15394648e-04 1.22391020e-05]
 [5.69108033e-04 4.15394848e-04 1.22412931e-05]
 [5.69108033e-04 4.15395067e-04 1.22436649e-05]
 [5.69108033e-04 4.15395304e-04 1.22462284e-05]
 [5.69108033e-04 4.15395560e-04 1.22489943e-05]
 [5.69108033e-04 4.15395837e-04 1.22519726e-05]
 [5.69108033e-04 4.15396134e-04 1.22551728e-05]]
2025-02-07 11:23:35,389 - INFO - Gan nhan cho cac diem anh...
2025-02-07 11:23:35,566 - INFO - Nhan gan cho 27 pixel dau tien: [2 2 2 2 2 2 2 2 2 2 2 2 2 2 2 2 2 2 2 2 2 2 2 2 2 2 2]
2025-02-07 11:23:35,566 - INFO - Hien thi ket qua...
2025-02-07 11:23:35,566 - INFO - Thoi gian: 105.36200594902039 giay
2025-02-07 11:23:38,931 - INFO - Bat dau tinh ma tran trong so...
2025-02-07 11:23:38,931 - INFO - Kich thuoc anh: 98x100x3
2025-02-07 11:23:38,931 - INFO - Kich thuoc dac trung mau: (9800, 3), Kich thuoc toa do: (9800, 2)
2025-02-07 11:23:38,931 - INFO - Dac trung mau:
[[1. 1. 1.]
 [1. 1. 1.]
 [1. 1. 1.]
 [1. 1. 1.]
 [1. 1. 1.]
 [1. 1. 1.]
 [1. 1. 1.]
 [1. 1. 1.]
 [1. 1. 1.]]
2025-02-07 11:23:38,931 - INFO - Toa do:
[[0 0]
 [1 0]
 [2 0]
 [3 0]
 [4 0]
 [5 0]
 [6 0]
 [7 0]
 [8 0]]
2025-02-07 11:23:43,545 - INFO - Kich thuoc ma tran trong so (W): (9800, 9800)
2025-02-07 11:23:43,545 - INFO - Kich thuoc ma tran dac trung mau: (9800, 9800), Kich thuoc ma tran toa do: (9800, 9800)
2025-02-07 11:23:43,545 - INFO - Mau cua W_features (9x9 phan tu dau):
[[1. 1. 1. 1. 1. 1. 1. 1. 1.]
 [1. 1. 1. 1. 1. 1. 1. 1. 1.]
 [1. 1. 1. 1. 1. 1. 1. 1. 1.]
 [1. 1. 1. 1. 1. 1. 1. 1. 1.]
 [1. 1. 1. 1. 1. 1. 1. 1. 1.]
 [1. 1. 1. 1. 1. 1. 1. 1. 1.]
 [1. 1. 1. 1. 1. 1. 1. 1. 1.]
 [1. 1. 1. 1. 1. 1. 1. 1. 1.]
 [1. 1. 1. 1. 1. 1. 1. 1. 1.]]
2025-02-07 11:23:43,545 - INFO - Mau cua W_coords (9x9 phan tu dau):
[[1.         0.99501248 0.98019867 0.95599748 0.92311635 0.8824969
  0.83527021 0.78270454 0.72614904]
 [0.99501248 1.         0.99501248 0.98019867 0.95599748 0.92311635
  0.8824969  0.83527021 0.78270454]
 [0.98019867 0.99501248 1.         0.99501248 0.98019867 0.95599748
  0.92311635 0.8824969  0.83527021]
 [0.95599748 0.98019867 0.99501248 1.         0.99501248 0.98019867
  0.95599748 0.92311635 0.8824969 ]
 [0.92311635 0.95599748 0.98019867 0.99501248 1.         0.99501248
  0.98019867 0.95599748 0.92311635]
 [0.8824969  0.92311635 0.95599748 0.98019867 0.99501248 1.
  0.99501248 0.98019867 0.95599748]
 [0.83527021 0.8824969  0.92311635 0.95599748 0.98019867 0.99501248
  1.         0.99501248 0.98019867]
 [0.78270454 0.83527021 0.8824969  0.92311635 0.95599748 0.98019867
  0.99501248 1.         0.99501248]
 [0.72614904 0.78270454 0.83527021 0.8824969  0.92311635 0.95599748
  0.98019867 0.99501248 1.        ]]
2025-02-07 11:23:43,545 - INFO - Mau cua W (9x9 phan tu dau):
[[1.         0.99501248 0.98019867 0.95599748 0.92311635 0.8824969
  0.83527021 0.78270454 0.72614904]
 [0.99501248 1.         0.99501248 0.98019867 0.95599748 0.92311635
  0.8824969  0.83527021 0.78270454]
 [0.98019867 0.99501248 1.         0.99501248 0.98019867 0.95599748
  0.92311635 0.8824969  0.83527021]
 [0.95599748 0.98019867 0.99501248 1.         0.99501248 0.98019867
  0.95599748 0.92311635 0.8824969 ]
 [0.92311635 0.95599748 0.98019867 0.99501248 1.         0.99501248
  0.98019867 0.95599748 0.92311635]
 [0.8824969  0.92311635 0.95599748 0.98019867 0.99501248 1.
  0.99501248 0.98019867 0.95599748]
 [0.83527021 0.8824969  0.92311635 0.95599748 0.98019867 0.99501248
  1.         0.99501248 0.98019867]
 [0.78270454 0.83527021 0.8824969  0.92311635 0.95599748 0.98019867
  0.99501248 1.         0.99501248]
 [0.72614904 0.78270454 0.83527021 0.8824969  0.92311635 0.95599748
  0.98019867 0.99501248 1.        ]]
2025-02-07 11:23:43,611 - INFO - Tinh ma tran Laplace...
2025-02-07 11:23:44,033 - INFO - Kich thuoc ma tran duong cheo (D): (9800, 9800)
2025-02-07 11:23:44,033 - INFO - Mau cua D (9x9 phan tu dau):
[[147.80452214   0.           0.           0.           0.
    0.           0.           0.           0.        ]
 [  0.         159.98162611   0.           0.           0.
    0.           0.           0.           0.        ]
 [  0.           0.         172.14297343   0.           0.
    0.           0.           0.           0.        ]
 [  0.           0.           0.         184.18042003   0.
    0.           0.           0.           0.        ]
 [  0.           0.           0.           0.         195.99016062
    0.           0.           0.           0.        ]
 [  0.           0.           0.           0.           0.
  207.4754227    0.           0.           0.        ]
 [  0.           0.           0.           0.           0.
    0.         218.54880763   0.           0.        ]
 [  0.           0.           0.           0.           0.
    0.           0.         229.13418658   0.        ]
 [  0.           0.           0.           0.           0.
    0.           0.           0.         239.16808894]]
2025-02-07 11:23:44,033 - INFO - Kich thuoc ma tran Laplace (L): (9800, 9800)
2025-02-07 11:23:44,033 - INFO - Mau cua L (9x9 phan tu dau):
[[146.80452214  -0.99501248  -0.98019867  -0.95599748  -0.92311635
   -0.8824969   -0.83527021  -0.78270454  -0.72614904]
 [ -0.99501248 158.98162611  -0.99501248  -0.98019867  -0.95599748
   -0.92311635  -0.8824969   -0.83527021  -0.78270454]
 [ -0.98019867  -0.99501248 171.14297343  -0.99501248  -0.98019867
   -0.95599748  -0.92311635  -0.8824969   -0.83527021]
 [ -0.95599748  -0.98019867  -0.99501248 183.18042003  -0.99501248
   -0.98019867  -0.95599748  -0.92311635  -0.8824969 ]
 [ -0.92311635  -0.95599748  -0.98019867  -0.99501248 194.99016062
   -0.99501248  -0.98019867  -0.95599748  -0.92311635]
 [ -0.8824969   -0.92311635  -0.95599748  -0.98019867  -0.99501248
  206.4754227   -0.99501248  -0.98019867  -0.95599748]
 [ -0.83527021  -0.8824969   -0.92311635  -0.95599748  -0.98019867
   -0.99501248 217.54880763  -0.99501248  -0.98019867]
 [ -0.78270454  -0.83527021  -0.8824969   -0.92311635  -0.95599748
   -0.98019867  -0.99501248 228.13418658  -0.99501248]
 [ -0.72614904  -0.78270454  -0.83527021  -0.8824969   -0.92311635
   -0.95599748  -0.98019867  -0.99501248 238.16808894]]
2025-02-07 11:23:44,033 - INFO - Tinh vector rieng...
2025-02-07 11:25:07,652 - INFO - Tri rieng (Eigenvalues): [-1.50016823e-17  9.27768649e-06  5.02174674e-04]
2025-02-07 11:25:07,652 - INFO - Kich thuoc vector rieng: (9800, 3)
2025-02-07 11:25:07,652 - INFO - Mau cua vector rieng (9 hang dau):
[[ 5.69108033e-04  4.15394295e-04 -1.22352178e-05]
 [ 5.69108033e-04  4.15394463e-04 -1.22370806e-05]
 [ 5.69108033e-04  4.15394648e-04 -1.22391020e-05]
 [ 5.69108033e-04  4.15394848e-04 -1.22412931e-05]
 [ 5.69108033e-04  4.15395067e-04 -1.22436649e-05]
 [ 5.69108033e-04  4.15395304e-04 -1.22462284e-05]
 [ 5.69108033e-04  4.15395560e-04 -1.22489943e-05]
 [ 5.69108033e-04  4.15395837e-04 -1.22519726e-05]
 [ 5.69108033e-04  4.15396134e-04 -1.22551728e-05]]
2025-02-07 11:25:07,652 - INFO - Gan nhan cho cac diem anh...
2025-02-07 11:25:07,672 - INFO - Nhan gan cho 27 pixel dau tien: [2 2 2 2 2 2 2 2 2 2 2 2 2 2 2 2 2 2 2 2 2 2 2 2 2 2 2]
2025-02-07 11:25:07,672 - INFO - Hien thi ket qua...
2025-02-07 11:25:07,672 - INFO - Thoi gian: 88.74124240875244 giay
2025-02-07 11:25:09,970 - INFO - Bat dau tinh ma tran trong so...
2025-02-07 11:25:09,970 - INFO - Kich thuoc anh: 98x100x3
2025-02-07 11:25:09,970 - INFO - Kich thuoc dac trung mau: (9800, 3), Kich thuoc toa do: (9800, 2)
2025-02-07 11:25:09,970 - INFO - Dac trung mau:
[[1. 1. 1.]
 [1. 1. 1.]
 [1. 1. 1.]
 [1. 1. 1.]
 [1. 1. 1.]
 [1. 1. 1.]
 [1. 1. 1.]
 [1. 1. 1.]
 [1. 1. 1.]]
2025-02-07 11:25:09,970 - INFO - Toa do:
[[0 0]
 [1 0]
 [2 0]
 [3 0]
 [4 0]
 [5 0]
 [6 0]
 [7 0]
 [8 0]]
2025-02-07 11:25:14,582 - INFO - Kich thuoc ma tran trong so (W): (9800, 9800)
2025-02-07 11:25:14,582 - INFO - Kich thuoc ma tran dac trung mau: (9800, 9800), Kich thuoc ma tran toa do: (9800, 9800)
2025-02-07 11:25:14,582 - INFO - Mau cua W_features (9x9 phan tu dau):
[[1. 1. 1. 1. 1. 1. 1. 1. 1.]
 [1. 1. 1. 1. 1. 1. 1. 1. 1.]
 [1. 1. 1. 1. 1. 1. 1. 1. 1.]
 [1. 1. 1. 1. 1. 1. 1. 1. 1.]
 [1. 1. 1. 1. 1. 1. 1. 1. 1.]
 [1. 1. 1. 1. 1. 1. 1. 1. 1.]
 [1. 1. 1. 1. 1. 1. 1. 1. 1.]
 [1. 1. 1. 1. 1. 1. 1. 1. 1.]
 [1. 1. 1. 1. 1. 1. 1. 1. 1.]]
2025-02-07 11:25:14,582 - INFO - Mau cua W_coords (9x9 phan tu dau):
[[1.         0.99501248 0.98019867 0.95599748 0.92311635 0.8824969
  0.83527021 0.78270454 0.72614904]
 [0.99501248 1.         0.99501248 0.98019867 0.95599748 0.92311635
  0.8824969  0.83527021 0.78270454]
 [0.98019867 0.99501248 1.         0.99501248 0.98019867 0.95599748
  0.92311635 0.8824969  0.83527021]
 [0.95599748 0.98019867 0.99501248 1.         0.99501248 0.98019867
  0.95599748 0.92311635 0.8824969 ]
 [0.92311635 0.95599748 0.98019867 0.99501248 1.         0.99501248
  0.98019867 0.95599748 0.92311635]
 [0.8824969  0.92311635 0.95599748 0.98019867 0.99501248 1.
  0.99501248 0.98019867 0.95599748]
 [0.83527021 0.8824969  0.92311635 0.95599748 0.98019867 0.99501248
  1.         0.99501248 0.98019867]
 [0.78270454 0.83527021 0.8824969  0.92311635 0.95599748 0.98019867
  0.99501248 1.         0.99501248]
 [0.72614904 0.78270454 0.83527021 0.8824969  0.92311635 0.95599748
  0.98019867 0.99501248 1.        ]]
2025-02-07 11:25:14,582 - INFO - Mau cua W (9x9 phan tu dau):
[[1.         0.99501248 0.98019867 0.95599748 0.92311635 0.8824969
  0.83527021 0.78270454 0.72614904]
 [0.99501248 1.         0.99501248 0.98019867 0.95599748 0.92311635
  0.8824969  0.83527021 0.78270454]
 [0.98019867 0.99501248 1.         0.99501248 0.98019867 0.95599748
  0.92311635 0.8824969  0.83527021]
 [0.95599748 0.98019867 0.99501248 1.         0.99501248 0.98019867
  0.95599748 0.92311635 0.8824969 ]
 [0.92311635 0.95599748 0.98019867 0.99501248 1.         0.99501248
  0.98019867 0.95599748 0.92311635]
 [0.8824969  0.92311635 0.95599748 0.98019867 0.99501248 1.
  0.99501248 0.98019867 0.95599748]
 [0.83527021 0.8824969  0.92311635 0.95599748 0.98019867 0.99501248
  1.         0.99501248 0.98019867]
 [0.78270454 0.83527021 0.8824969  0.92311635 0.95599748 0.98019867
  0.99501248 1.         0.99501248]
 [0.72614904 0.78270454 0.83527021 0.8824969  0.92311635 0.95599748
  0.98019867 0.99501248 1.        ]]
2025-02-07 11:25:14,646 - INFO - Tinh ma tran Laplace...
2025-02-07 11:25:15,069 - INFO - Kich thuoc ma tran duong cheo (D): (9800, 9800)
2025-02-07 11:25:15,069 - INFO - Mau cua D (9x9 phan tu dau):
[[147.80452214   0.           0.           0.           0.
    0.           0.           0.           0.        ]
 [  0.         159.98162611   0.           0.           0.
    0.           0.           0.           0.        ]
 [  0.           0.         172.14297343   0.           0.
    0.           0.           0.           0.        ]
 [  0.           0.           0.         184.18042003   0.
    0.           0.           0.           0.        ]
 [  0.           0.           0.           0.         195.99016062
    0.           0.           0.           0.        ]
 [  0.           0.           0.           0.           0.
  207.4754227    0.           0.           0.        ]
 [  0.           0.           0.           0.           0.
    0.         218.54880763   0.           0.        ]
 [  0.           0.           0.           0.           0.
    0.           0.         229.13418658   0.        ]
 [  0.           0.           0.           0.           0.
    0.           0.           0.         239.16808894]]
2025-02-07 11:25:15,069 - INFO - Kich thuoc ma tran Laplace (L): (9800, 9800)
2025-02-07 11:25:15,069 - INFO - Mau cua L (9x9 phan tu dau):
[[146.80452214  -0.99501248  -0.98019867  -0.95599748  -0.92311635
   -0.8824969   -0.83527021  -0.78270454  -0.72614904]
 [ -0.99501248 158.98162611  -0.99501248  -0.98019867  -0.95599748
   -0.92311635  -0.8824969   -0.83527021  -0.78270454]
 [ -0.98019867  -0.99501248 171.14297343  -0.99501248  -0.98019867
   -0.95599748  -0.92311635  -0.8824969   -0.83527021]
 [ -0.95599748  -0.98019867  -0.99501248 183.18042003  -0.99501248
   -0.98019867  -0.95599748  -0.92311635  -0.8824969 ]
 [ -0.92311635  -0.95599748  -0.98019867  -0.99501248 194.99016062
   -0.99501248  -0.98019867  -0.95599748  -0.92311635]
 [ -0.8824969   -0.92311635  -0.95599748  -0.98019867  -0.99501248
  206.4754227   -0.99501248  -0.98019867  -0.95599748]
 [ -0.83527021  -0.8824969   -0.92311635  -0.95599748  -0.98019867
   -0.99501248 217.54880763  -0.99501248  -0.98019867]
 [ -0.78270454  -0.83527021  -0.8824969   -0.92311635  -0.95599748
   -0.98019867  -0.99501248 228.13418658  -0.99501248]
 [ -0.72614904  -0.78270454  -0.83527021  -0.8824969   -0.92311635
   -0.95599748  -0.98019867  -0.99501248 238.16808894]]
2025-02-07 11:25:15,069 - INFO - Tinh vector rieng...
2025-02-07 11:26:56,405 - INFO - Tri rieng (Eigenvalues): [2.98332733e-16 9.27768649e-06 5.02174674e-04]
2025-02-07 11:26:56,405 - INFO - Kich thuoc vector rieng: (9800, 3)
2025-02-07 11:26:56,405 - INFO - Mau cua vector rieng (9 hang dau):
[[-5.69108033e-04  4.15394295e-04  1.22352178e-05]
 [-5.69108033e-04  4.15394463e-04  1.22370806e-05]
 [-5.69108033e-04  4.15394648e-04  1.22391020e-05]
 [-5.69108033e-04  4.15394848e-04  1.22412931e-05]
 [-5.69108033e-04  4.15395067e-04  1.22436649e-05]
 [-5.69108033e-04  4.15395304e-04  1.22462284e-05]
 [-5.69108033e-04  4.15395560e-04  1.22489943e-05]
 [-5.69108033e-04  4.15395837e-04  1.22519726e-05]
 [-5.69108033e-04  4.15396134e-04  1.22551728e-05]]
2025-02-07 11:26:56,405 - INFO - Gan nhan cho cac diem anh...
2025-02-07 11:26:56,417 - INFO - Nhan gan cho 27 pixel dau tien: [2 2 2 2 2 2 2 2 2 2 2 2 2 2 2 2 2 2 2 2 2 2 2 2 2 2 2]
2025-02-07 11:26:56,417 - INFO - Hien thi ket qua...
2025-02-07 11:26:56,417 - INFO - Thoi gian: 106.44687223434448 giay
2025-02-07 11:26:58,604 - INFO - Bat dau tinh ma tran trong so...
2025-02-07 11:26:58,604 - INFO - Kich thuoc anh: 98x100x3
2025-02-07 11:26:58,604 - INFO - Kich thuoc dac trung mau: (9800, 3), Kich thuoc toa do: (9800, 2)
2025-02-07 11:26:58,604 - INFO - Dac trung mau:
[[1. 1. 1.]
 [1. 1. 1.]
 [1. 1. 1.]
 [1. 1. 1.]
 [1. 1. 1.]
 [1. 1. 1.]
 [1. 1. 1.]
 [1. 1. 1.]
 [1. 1. 1.]]
2025-02-07 11:26:58,604 - INFO - Toa do:
[[0 0]
 [1 0]
 [2 0]
 [3 0]
 [4 0]
 [5 0]
 [6 0]
 [7 0]
 [8 0]]
2025-02-07 11:27:03,330 - INFO - Kich thuoc ma tran trong so (W): (9800, 9800)
2025-02-07 11:27:03,330 - INFO - Kich thuoc ma tran dac trung mau: (9800, 9800), Kich thuoc ma tran toa do: (9800, 9800)
2025-02-07 11:27:03,330 - INFO - Mau cua W_features (9x9 phan tu dau):
[[1. 1. 1. 1. 1. 1. 1. 1. 1.]
 [1. 1. 1. 1. 1. 1. 1. 1. 1.]
 [1. 1. 1. 1. 1. 1. 1. 1. 1.]
 [1. 1. 1. 1. 1. 1. 1. 1. 1.]
 [1. 1. 1. 1. 1. 1. 1. 1. 1.]
 [1. 1. 1. 1. 1. 1. 1. 1. 1.]
 [1. 1. 1. 1. 1. 1. 1. 1. 1.]
 [1. 1. 1. 1. 1. 1. 1. 1. 1.]
 [1. 1. 1. 1. 1. 1. 1. 1. 1.]]
2025-02-07 11:27:03,330 - INFO - Mau cua W_coords (9x9 phan tu dau):
[[1.         0.99501248 0.98019867 0.95599748 0.92311635 0.8824969
  0.83527021 0.78270454 0.72614904]
 [0.99501248 1.         0.99501248 0.98019867 0.95599748 0.92311635
  0.8824969  0.83527021 0.78270454]
 [0.98019867 0.99501248 1.         0.99501248 0.98019867 0.95599748
  0.92311635 0.8824969  0.83527021]
 [0.95599748 0.98019867 0.99501248 1.         0.99501248 0.98019867
  0.95599748 0.92311635 0.8824969 ]
 [0.92311635 0.95599748 0.98019867 0.99501248 1.         0.99501248
  0.98019867 0.95599748 0.92311635]
 [0.8824969  0.92311635 0.95599748 0.98019867 0.99501248 1.
  0.99501248 0.98019867 0.95599748]
 [0.83527021 0.8824969  0.92311635 0.95599748 0.98019867 0.99501248
  1.         0.99501248 0.98019867]
 [0.78270454 0.83527021 0.8824969  0.92311635 0.95599748 0.98019867
  0.99501248 1.         0.99501248]
 [0.72614904 0.78270454 0.83527021 0.8824969  0.92311635 0.95599748
  0.98019867 0.99501248 1.        ]]
2025-02-07 11:27:03,330 - INFO - Mau cua W (9x9 phan tu dau):
[[1.         0.99501248 0.98019867 0.95599748 0.92311635 0.8824969
  0.83527021 0.78270454 0.72614904]
 [0.99501248 1.         0.99501248 0.98019867 0.95599748 0.92311635
  0.8824969  0.83527021 0.78270454]
 [0.98019867 0.99501248 1.         0.99501248 0.98019867 0.95599748
  0.92311635 0.8824969  0.83527021]
 [0.95599748 0.98019867 0.99501248 1.         0.99501248 0.98019867
  0.95599748 0.92311635 0.8824969 ]
 [0.92311635 0.95599748 0.98019867 0.99501248 1.         0.99501248
  0.98019867 0.95599748 0.92311635]
 [0.8824969  0.92311635 0.95599748 0.98019867 0.99501248 1.
  0.99501248 0.98019867 0.95599748]
 [0.83527021 0.8824969  0.92311635 0.95599748 0.98019867 0.99501248
  1.         0.99501248 0.98019867]
 [0.78270454 0.83527021 0.8824969  0.92311635 0.95599748 0.98019867
  0.99501248 1.         0.99501248]
 [0.72614904 0.78270454 0.83527021 0.8824969  0.92311635 0.95599748
  0.98019867 0.99501248 1.        ]]
2025-02-07 11:27:03,393 - INFO - Tinh ma tran Laplace...
2025-02-07 11:27:03,829 - INFO - Kich thuoc ma tran duong cheo (D): (9800, 9800)
2025-02-07 11:27:03,829 - INFO - Mau cua D (9x9 phan tu dau):
[[147.80452214   0.           0.           0.           0.
    0.           0.           0.           0.        ]
 [  0.         159.98162611   0.           0.           0.
    0.           0.           0.           0.        ]
 [  0.           0.         172.14297343   0.           0.
    0.           0.           0.           0.        ]
 [  0.           0.           0.         184.18042003   0.
    0.           0.           0.           0.        ]
 [  0.           0.           0.           0.         195.99016062
    0.           0.           0.           0.        ]
 [  0.           0.           0.           0.           0.
  207.4754227    0.           0.           0.        ]
 [  0.           0.           0.           0.           0.
    0.         218.54880763   0.           0.        ]
 [  0.           0.           0.           0.           0.
    0.           0.         229.13418658   0.        ]
 [  0.           0.           0.           0.           0.
    0.           0.           0.         239.16808894]]
2025-02-07 11:27:03,829 - INFO - Kich thuoc ma tran Laplace (L): (9800, 9800)
2025-02-07 11:27:03,830 - INFO - Mau cua L (9x9 phan tu dau):
[[146.80452214  -0.99501248  -0.98019867  -0.95599748  -0.92311635
   -0.8824969   -0.83527021  -0.78270454  -0.72614904]
 [ -0.99501248 158.98162611  -0.99501248  -0.98019867  -0.95599748
   -0.92311635  -0.8824969   -0.83527021  -0.78270454]
 [ -0.98019867  -0.99501248 171.14297343  -0.99501248  -0.98019867
   -0.95599748  -0.92311635  -0.8824969   -0.83527021]
 [ -0.95599748  -0.98019867  -0.99501248 183.18042003  -0.99501248
   -0.98019867  -0.95599748  -0.92311635  -0.8824969 ]
 [ -0.92311635  -0.95599748  -0.98019867  -0.99501248 194.99016062
   -0.99501248  -0.98019867  -0.95599748  -0.92311635]
 [ -0.8824969   -0.92311635  -0.95599748  -0.98019867  -0.99501248
  206.4754227   -0.99501248  -0.98019867  -0.95599748]
 [ -0.83527021  -0.8824969   -0.92311635  -0.95599748  -0.98019867
   -0.99501248 217.54880763  -0.99501248  -0.98019867]
 [ -0.78270454  -0.83527021  -0.8824969   -0.92311635  -0.95599748
   -0.98019867  -0.99501248 228.13418658  -0.99501248]
 [ -0.72614904  -0.78270454  -0.83527021  -0.8824969   -0.92311635
   -0.95599748  -0.98019867  -0.99501248 238.16808894]]
2025-02-07 11:27:03,830 - INFO - Tinh vector rieng...
2025-02-07 11:28:47,397 - INFO - Tri rieng (Eigenvalues): [-1.32857281e-16  9.27768649e-06  5.02174674e-04]
2025-02-07 11:28:47,397 - INFO - Kich thuoc vector rieng: (9800, 3)
2025-02-07 11:28:47,397 - INFO - Mau cua vector rieng (9 hang dau):
[[-5.69108033e-04 -4.15394295e-04 -1.22352178e-05]
 [-5.69108033e-04 -4.15394463e-04 -1.22370806e-05]
 [-5.69108033e-04 -4.15394648e-04 -1.22391020e-05]
 [-5.69108033e-04 -4.15394848e-04 -1.22412931e-05]
 [-5.69108033e-04 -4.15395067e-04 -1.22436649e-05]
 [-5.69108033e-04 -4.15395304e-04 -1.22462284e-05]
 [-5.69108033e-04 -4.15395560e-04 -1.22489943e-05]
 [-5.69108033e-04 -4.15395837e-04 -1.22519726e-05]
 [-5.69108033e-04 -4.15396134e-04 -1.22551728e-05]]
2025-02-07 11:28:47,397 - INFO - Gan nhan cho cac diem anh...
2025-02-07 11:28:47,397 - INFO - Nhan gan cho 27 pixel dau tien: [2 2 2 2 2 2 2 2 2 2 2 2 2 2 2 2 2 2 2 2 2 2 2 2 2 2 2]
2025-02-07 11:28:47,397 - INFO - Hien thi ket qua...
2025-02-07 11:28:47,397 - INFO - Thoi gian: 108.79313945770264 giay
2025-02-07 11:28:49,746 - INFO - Bat dau tinh ma tran trong so...
2025-02-07 11:28:49,746 - INFO - Kich thuoc anh: 98x100x3
2025-02-07 11:28:49,746 - INFO - Kich thuoc dac trung mau: (9800, 3), Kich thuoc toa do: (9800, 2)
2025-02-07 11:28:49,746 - INFO - Dac trung mau:
[[1. 1. 1.]
 [1. 1. 1.]
 [1. 1. 1.]
 [1. 1. 1.]
 [1. 1. 1.]
 [1. 1. 1.]
 [1. 1. 1.]
 [1. 1. 1.]
 [1. 1. 1.]]
2025-02-07 11:28:49,746 - INFO - Toa do:
[[0 0]
 [1 0]
 [2 0]
 [3 0]
 [4 0]
 [5 0]
 [6 0]
 [7 0]
 [8 0]]
2025-02-07 11:28:54,363 - INFO - Kich thuoc ma tran trong so (W): (9800, 9800)
2025-02-07 11:28:54,363 - INFO - Kich thuoc ma tran dac trung mau: (9800, 9800), Kich thuoc ma tran toa do: (9800, 9800)
2025-02-07 11:28:54,364 - INFO - Mau cua W_features (9x9 phan tu dau):
[[1. 1. 1. 1. 1. 1. 1. 1. 1.]
 [1. 1. 1. 1. 1. 1. 1. 1. 1.]
 [1. 1. 1. 1. 1. 1. 1. 1. 1.]
 [1. 1. 1. 1. 1. 1. 1. 1. 1.]
 [1. 1. 1. 1. 1. 1. 1. 1. 1.]
 [1. 1. 1. 1. 1. 1. 1. 1. 1.]
 [1. 1. 1. 1. 1. 1. 1. 1. 1.]
 [1. 1. 1. 1. 1. 1. 1. 1. 1.]
 [1. 1. 1. 1. 1. 1. 1. 1. 1.]]
2025-02-07 11:28:54,365 - INFO - Mau cua W_coords (9x9 phan tu dau):
[[1.         0.99501248 0.98019867 0.95599748 0.92311635 0.8824969
  0.83527021 0.78270454 0.72614904]
 [0.99501248 1.         0.99501248 0.98019867 0.95599748 0.92311635
  0.8824969  0.83527021 0.78270454]
 [0.98019867 0.99501248 1.         0.99501248 0.98019867 0.95599748
  0.92311635 0.8824969  0.83527021]
 [0.95599748 0.98019867 0.99501248 1.         0.99501248 0.98019867
  0.95599748 0.92311635 0.8824969 ]
 [0.92311635 0.95599748 0.98019867 0.99501248 1.         0.99501248
  0.98019867 0.95599748 0.92311635]
 [0.8824969  0.92311635 0.95599748 0.98019867 0.99501248 1.
  0.99501248 0.98019867 0.95599748]
 [0.83527021 0.8824969  0.92311635 0.95599748 0.98019867 0.99501248
  1.         0.99501248 0.98019867]
 [0.78270454 0.83527021 0.8824969  0.92311635 0.95599748 0.98019867
  0.99501248 1.         0.99501248]
 [0.72614904 0.78270454 0.83527021 0.8824969  0.92311635 0.95599748
  0.98019867 0.99501248 1.        ]]
2025-02-07 11:28:54,365 - INFO - Mau cua W (9x9 phan tu dau):
[[1.         0.99501248 0.98019867 0.95599748 0.92311635 0.8824969
  0.83527021 0.78270454 0.72614904]
 [0.99501248 1.         0.99501248 0.98019867 0.95599748 0.92311635
  0.8824969  0.83527021 0.78270454]
 [0.98019867 0.99501248 1.         0.99501248 0.98019867 0.95599748
  0.92311635 0.8824969  0.83527021]
 [0.95599748 0.98019867 0.99501248 1.         0.99501248 0.98019867
  0.95599748 0.92311635 0.8824969 ]
 [0.92311635 0.95599748 0.98019867 0.99501248 1.         0.99501248
  0.98019867 0.95599748 0.92311635]
 [0.8824969  0.92311635 0.95599748 0.98019867 0.99501248 1.
  0.99501248 0.98019867 0.95599748]
 [0.83527021 0.8824969  0.92311635 0.95599748 0.98019867 0.99501248
  1.         0.99501248 0.98019867]
 [0.78270454 0.83527021 0.8824969  0.92311635 0.95599748 0.98019867
  0.99501248 1.         0.99501248]
 [0.72614904 0.78270454 0.83527021 0.8824969  0.92311635 0.95599748
  0.98019867 0.99501248 1.        ]]
2025-02-07 11:28:54,425 - INFO - Tinh ma tran Laplace...
2025-02-07 11:28:54,844 - INFO - Kich thuoc ma tran duong cheo (D): (9800, 9800)
2025-02-07 11:28:54,844 - INFO - Mau cua D (9x9 phan tu dau):
[[147.80452214   0.           0.           0.           0.
    0.           0.           0.           0.        ]
 [  0.         159.98162611   0.           0.           0.
    0.           0.           0.           0.        ]
 [  0.           0.         172.14297343   0.           0.
    0.           0.           0.           0.        ]
 [  0.           0.           0.         184.18042003   0.
    0.           0.           0.           0.        ]
 [  0.           0.           0.           0.         195.99016062
    0.           0.           0.           0.        ]
 [  0.           0.           0.           0.           0.
  207.4754227    0.           0.           0.        ]
 [  0.           0.           0.           0.           0.
    0.         218.54880763   0.           0.        ]
 [  0.           0.           0.           0.           0.
    0.           0.         229.13418658   0.        ]
 [  0.           0.           0.           0.           0.
    0.           0.           0.         239.16808894]]
2025-02-07 11:28:54,844 - INFO - Kich thuoc ma tran Laplace (L): (9800, 9800)
2025-02-07 11:28:54,844 - INFO - Mau cua L (9x9 phan tu dau):
[[146.80452214  -0.99501248  -0.98019867  -0.95599748  -0.92311635
   -0.8824969   -0.83527021  -0.78270454  -0.72614904]
 [ -0.99501248 158.98162611  -0.99501248  -0.98019867  -0.95599748
   -0.92311635  -0.8824969   -0.83527021  -0.78270454]
 [ -0.98019867  -0.99501248 171.14297343  -0.99501248  -0.98019867
   -0.95599748  -0.92311635  -0.8824969   -0.83527021]
 [ -0.95599748  -0.98019867  -0.99501248 183.18042003  -0.99501248
   -0.98019867  -0.95599748  -0.92311635  -0.8824969 ]
 [ -0.92311635  -0.95599748  -0.98019867  -0.99501248 194.99016062
   -0.99501248  -0.98019867  -0.95599748  -0.92311635]
 [ -0.8824969   -0.92311635  -0.95599748  -0.98019867  -0.99501248
  206.4754227   -0.99501248  -0.98019867  -0.95599748]
 [ -0.83527021  -0.8824969   -0.92311635  -0.95599748  -0.98019867
   -0.99501248 217.54880763  -0.99501248  -0.98019867]
 [ -0.78270454  -0.83527021  -0.8824969   -0.92311635  -0.95599748
   -0.98019867  -0.99501248 228.13418658  -0.99501248]
 [ -0.72614904  -0.78270454  -0.83527021  -0.8824969   -0.92311635
   -0.95599748  -0.98019867  -0.99501248 238.16808894]]
2025-02-07 11:28:54,844 - INFO - Tinh vector rieng...
2025-02-07 11:30:26,643 - INFO - Tri rieng (Eigenvalues): [-1.07997561e-16  9.27768649e-06  5.02174674e-04]
2025-02-07 11:30:26,643 - INFO - Kich thuoc vector rieng: (9800, 3)
2025-02-07 11:30:26,643 - INFO - Mau cua vector rieng (9 hang dau):
[[-5.69108033e-04 -4.15394295e-04 -1.22352178e-05]
 [-5.69108033e-04 -4.15394463e-04 -1.22370806e-05]
 [-5.69108033e-04 -4.15394648e-04 -1.22391020e-05]
 [-5.69108033e-04 -4.15394848e-04 -1.22412931e-05]
 [-5.69108033e-04 -4.15395067e-04 -1.22436649e-05]
 [-5.69108033e-04 -4.15395304e-04 -1.22462284e-05]
 [-5.69108033e-04 -4.15395560e-04 -1.22489943e-05]
 [-5.69108033e-04 -4.15395837e-04 -1.22519726e-05]
 [-5.69108033e-04 -4.15396134e-04 -1.22551728e-05]]
2025-02-07 11:30:26,643 - INFO - Gan nhan cho cac diem anh...
2025-02-07 11:30:26,651 - INFO - Nhan gan cho 27 pixel dau tien: [2 2 2 2 2 2 2 2 2 2 2 2 2 2 2 2 2 2 2 2 2 2 2 2 2 2 2]
2025-02-07 11:30:26,651 - INFO - Hien thi ket qua...
2025-02-07 11:30:26,651 - INFO - Thoi gian: 96.90541338920593 giay
