2025-02-07 11:07:03,095 - INFO - Bat dau tinh ma tran trong so...
2025-02-07 11:07:03,095 - INFO - Kich thuoc anh: 59x60x3
2025-02-07 11:07:03,095 - INFO - Kich thuoc dac trung mau: (3540, 3), Kich thuoc toa do: (3540, 2)
2025-02-07 11:07:03,096 - INFO - Dac trung mau:
[[1. 1. 1.]
 [1. 1. 1.]
 [1. 1. 1.]
 [1. 1. 1.]
 [1. 1. 1.]
 [1. 1. 1.]
 [1. 1. 1.]
 [1. 1. 1.]
 [1. 1. 1.]]
2025-02-07 11:07:03,096 - INFO - Toa do:
[[0 0]
 [1 0]
 [2 0]
 [3 0]
 [4 0]
 [5 0]
 [6 0]
 [7 0]
 [8 0]]
2025-02-07 11:07:06,532 - INFO - Kich thuoc ma tran trong so (W): (3540, 3540)
2025-02-07 11:07:06,532 - INFO - Kich thuoc ma tran dac trung mau: (3540, 3540), Kich thuoc ma tran toa do: (3540, 3540)
2025-02-07 11:07:06,540 - INFO - Mau cua W_features (9x9 phan tu dau):
[[1. 1. 1. 1. 1. 1. 1. 1. 1.]
 [1. 1. 1. 1. 1. 1. 1. 1. 1.]
 [1. 1. 1. 1. 1. 1. 1. 1. 1.]
 [1. 1. 1. 1. 1. 1. 1. 1. 1.]
 [1. 1. 1. 1. 1. 1. 1. 1. 1.]
 [1. 1. 1. 1. 1. 1. 1. 1. 1.]
 [1. 1. 1. 1. 1. 1. 1. 1. 1.]
 [1. 1. 1. 1. 1. 1. 1. 1. 1.]
 [1. 1. 1. 1. 1. 1. 1. 1. 1.]]
2025-02-07 11:07:06,540 - INFO - Mau cua W_coords (9x9 phan tu dau):
[[1.         0.99501248 0.98019867 0.95599748 0.92311635 0.8824969
  0.83527021 0.78270454 0.72614904]
 [0.99501248 1.         0.99501248 0.98019867 0.95599748 0.92311635
  0.8824969  0.83527021 0.78270454]
 [0.98019867 0.99501248 1.         0.99501248 0.98019867 0.95599748
  0.92311635 0.8824969  0.83527021]
 [0.95599748 0.98019867 0.99501248 1.         0.99501248 0.98019867
  0.95599748 0.92311635 0.8824969 ]
 [0.92311635 0.95599748 0.98019867 0.99501248 1.         0.99501248
  0.98019867 0.95599748 0.92311635]
 [0.8824969  0.92311635 0.95599748 0.98019867 0.99501248 1.
  0.99501248 0.98019867 0.95599748]
 [0.83527021 0.8824969  0.92311635 0.95599748 0.98019867 0.99501248
  1.         0.99501248 0.98019867]
 [0.78270454 0.83527021 0.8824969  0.92311635 0.95599748 0.98019867
  0.99501248 1.         0.99501248]
 [0.72614904 0.78270454 0.83527021 0.8824969  0.92311635 0.95599748
  0.98019867 0.99501248 1.        ]]
2025-02-07 11:07:06,540 - INFO - Mau cua W (9x9 phan tu dau):
[[1.         0.99501248 0.98019867 0.95599748 0.92311635 0.8824969
  0.83527021 0.78270454 0.72614904]
 [0.99501248 1.         0.99501248 0.98019867 0.95599748 0.92311635
  0.8824969  0.83527021 0.78270454]
 [0.98019867 0.99501248 1.         0.99501248 0.98019867 0.95599748
  0.92311635 0.8824969  0.83527021]
 [0.95599748 0.98019867 0.99501248 1.         0.99501248 0.98019867
  0.95599748 0.92311635 0.8824969 ]
 [0.92311635 0.95599748 0.98019867 0.99501248 1.         0.99501248
  0.98019867 0.95599748 0.92311635]
 [0.8824969  0.92311635 0.95599748 0.98019867 0.99501248 1.
  0.99501248 0.98019867 0.95599748]
 [0.83527021 0.8824969  0.92311635 0.95599748 0.98019867 0.99501248
  1.         0.99501248 0.98019867]
 [0.78270454 0.83527021 0.8824969  0.92311635 0.95599748 0.98019867
  0.99501248 1.         0.99501248]
 [0.72614904 0.78270454 0.83527021 0.8824969  0.92311635 0.95599748
  0.98019867 0.99501248 1.        ]]
2025-02-07 11:07:06,548 - INFO - Tinh ma tran Laplace...
2025-02-07 11:07:06,610 - INFO - Kich thuoc ma tran duong cheo (D): (3540, 3540)
2025-02-07 11:07:06,610 - INFO - Mau cua D (9x9 phan tu dau):
[[163.13126415   0.           0.           0.           0.
    0.           0.           0.           0.        ]
 [  0.         175.79777432   0.           0.           0.
    0.           0.           0.           0.        ]
 [  0.           0.         188.31179917   0.           0.
    0.           0.           0.           0.        ]
 [  0.           0.           0.         200.55355293   0.
    0.           0.           0.           0.        ]
 [  0.           0.           0.           0.         212.41060097
    0.           0.           0.           0.        ]
 [  0.           0.           0.           0.           0.
  223.78066425   0.           0.           0.        ]
 [  0.           0.           0.           0.           0.
    0.         234.57388706   0.           0.        ]
 [  0.           0.           0.           0.           0.
    0.           0.         244.71447619   0.        ]
 [  0.           0.           0.           0.           0.
    0.           0.           0.         254.14166125]]
2025-02-07 11:07:06,610 - INFO - Kich thuoc ma tran Laplace (L): (3540, 3540)
2025-02-07 11:07:06,610 - INFO - Mau cua L (9x9 phan tu dau):
[[162.13126415  -0.99501248  -0.98019867  -0.95599748  -0.92311635
   -0.8824969   -0.83527021  -0.78270454  -0.72614904]
 [ -0.99501248 174.79777432  -0.99501248  -0.98019867  -0.95599748
   -0.92311635  -0.8824969   -0.83527021  -0.78270454]
 [ -0.98019867  -0.99501248 187.31179917  -0.99501248  -0.98019867
   -0.95599748  -0.92311635  -0.8824969   -0.83527021]
 [ -0.95599748  -0.98019867  -0.99501248 199.55355293  -0.99501248
   -0.98019867  -0.95599748  -0.92311635  -0.8824969 ]
 [ -0.92311635  -0.95599748  -0.98019867  -0.99501248 211.41060097
   -0.99501248  -0.98019867  -0.95599748  -0.92311635]
 [ -0.8824969   -0.92311635  -0.95599748  -0.98019867  -0.99501248
  222.78066425  -0.99501248  -0.98019867  -0.95599748]
 [ -0.83527021  -0.8824969   -0.92311635  -0.95599748  -0.98019867
   -0.99501248 233.57388706  -0.99501248  -0.98019867]
 [ -0.78270454  -0.83527021  -0.8824969   -0.92311635  -0.95599748
   -0.98019867  -0.99501248 243.71447619  -0.99501248]
 [ -0.72614904  -0.78270454  -0.83527021  -0.8824969   -0.92311635
   -0.95599748  -0.98019867  -0.99501248 253.14166125]]
2025-02-07 11:07:06,610 - INFO - Tinh vector rieng...
2025-02-07 11:07:11,203 - INFO - Tri rieng (Eigenvalues): [-2.75583567e-17  2.59487573e-05  1.57527169e-03]
2025-02-07 11:07:11,203 - INFO - Kich thuoc vector rieng: (3540, 3)
2025-02-07 11:07:11,203 - INFO - Mau cua vector rieng (9 hang dau):
[[ 1.07995488e-03 -7.53516970e-04 -4.36662497e-05]
 [ 1.07995488e-03 -7.53516029e-04 -4.36621481e-05]
 [ 1.07995488e-03 -7.53515010e-04 -4.36576787e-05]
 [ 1.07995488e-03 -7.53513908e-04 -4.36528076e-05]
 [ 1.07995488e-03 -7.53512714e-04 -4.36474984e-05]
 [ 1.07995488e-03 -7.53511422e-04 -4.36417124e-05]
 [ 1.07995488e-03 -7.53510025e-04 -4.36354083e-05]
 [ 1.07995488e-03 -7.53508516e-04 -4.36285426e-05]
 [ 1.07995488e-03 -7.53506886e-04 -4.36210696e-05]]
2025-02-07 11:07:11,203 - INFO - Gan nhan cho cac diem anh...
2025-02-07 11:07:11,367 - INFO - Nhan gan cho 27 pixel dau tien: [2 2 2 2 2 2 2 2 2 2 2 2 2 2 2 2 2 2 2 2 2 2 2 2 2 2 2]
2025-02-07 11:07:11,367 - INFO - Hien thi ket qua...
2025-02-07 11:07:11,367 - INFO - Thoi gian: 8.285987854003906 giay
2025-02-07 11:07:12,852 - INFO - Bat dau tinh ma tran trong so...
2025-02-07 11:07:12,852 - INFO - Kich thuoc anh: 59x60x3
2025-02-07 11:07:12,854 - INFO - Kich thuoc dac trung mau: (3540, 3), Kich thuoc toa do: (3540, 2)
2025-02-07 11:07:12,854 - INFO - Dac trung mau:
[[1. 1. 1.]
 [1. 1. 1.]
 [1. 1. 1.]
 [1. 1. 1.]
 [1. 1. 1.]
 [1. 1. 1.]
 [1. 1. 1.]
 [1. 1. 1.]
 [1. 1. 1.]]
2025-02-07 11:07:12,854 - INFO - Toa do:
[[0 0]
 [1 0]
 [2 0]
 [3 0]
 [4 0]
 [5 0]
 [6 0]
 [7 0]
 [8 0]]
2025-02-07 11:07:13,703 - INFO - Kich thuoc ma tran trong so (W): (3540, 3540)
2025-02-07 11:07:13,703 - INFO - Kich thuoc ma tran dac trung mau: (3540, 3540), Kich thuoc ma tran toa do: (3540, 3540)
2025-02-07 11:07:13,703 - INFO - Mau cua W_features (9x9 phan tu dau):
[[1. 1. 1. 1. 1. 1. 1. 1. 1.]
 [1. 1. 1. 1. 1. 1. 1. 1. 1.]
 [1. 1. 1. 1. 1. 1. 1. 1. 1.]
 [1. 1. 1. 1. 1. 1. 1. 1. 1.]
 [1. 1. 1. 1. 1. 1. 1. 1. 1.]
 [1. 1. 1. 1. 1. 1. 1. 1. 1.]
 [1. 1. 1. 1. 1. 1. 1. 1. 1.]
 [1. 1. 1. 1. 1. 1. 1. 1. 1.]
 [1. 1. 1. 1. 1. 1. 1. 1. 1.]]
2025-02-07 11:07:13,703 - INFO - Mau cua W_coords (9x9 phan tu dau):
[[1.         0.99501248 0.98019867 0.95599748 0.92311635 0.8824969
  0.83527021 0.78270454 0.72614904]
 [0.99501248 1.         0.99501248 0.98019867 0.95599748 0.92311635
  0.8824969  0.83527021 0.78270454]
 [0.98019867 0.99501248 1.         0.99501248 0.98019867 0.95599748
  0.92311635 0.8824969  0.83527021]
 [0.95599748 0.98019867 0.99501248 1.         0.99501248 0.98019867
  0.95599748 0.92311635 0.8824969 ]
 [0.92311635 0.95599748 0.98019867 0.99501248 1.         0.99501248
  0.98019867 0.95599748 0.92311635]
 [0.8824969  0.92311635 0.95599748 0.98019867 0.99501248 1.
  0.99501248 0.98019867 0.95599748]
 [0.83527021 0.8824969  0.92311635 0.95599748 0.98019867 0.99501248
  1.         0.99501248 0.98019867]
 [0.78270454 0.83527021 0.8824969  0.92311635 0.95599748 0.98019867
  0.99501248 1.         0.99501248]
 [0.72614904 0.78270454 0.83527021 0.8824969  0.92311635 0.95599748
  0.98019867 0.99501248 1.        ]]
2025-02-07 11:07:13,703 - INFO - Mau cua W (9x9 phan tu dau):
[[1.         0.99501248 0.98019867 0.95599748 0.92311635 0.8824969
  0.83527021 0.78270454 0.72614904]
 [0.99501248 1.         0.99501248 0.98019867 0.95599748 0.92311635
  0.8824969  0.83527021 0.78270454]
 [0.98019867 0.99501248 1.         0.99501248 0.98019867 0.95599748
  0.92311635 0.8824969  0.83527021]
 [0.95599748 0.98019867 0.99501248 1.         0.99501248 0.98019867
  0.95599748 0.92311635 0.8824969 ]
 [0.92311635 0.95599748 0.98019867 0.99501248 1.         0.99501248
  0.98019867 0.95599748 0.92311635]
 [0.8824969  0.92311635 0.95599748 0.98019867 0.99501248 1.
  0.99501248 0.98019867 0.95599748]
 [0.83527021 0.8824969  0.92311635 0.95599748 0.98019867 0.99501248
  1.         0.99501248 0.98019867]
 [0.78270454 0.83527021 0.8824969  0.92311635 0.95599748 0.98019867
  0.99501248 1.         0.99501248]
 [0.72614904 0.78270454 0.83527021 0.8824969  0.92311635 0.95599748
  0.98019867 0.99501248 1.        ]]
2025-02-07 11:07:13,718 - INFO - Tinh ma tran Laplace...
2025-02-07 11:07:13,781 - INFO - Kich thuoc ma tran duong cheo (D): (3540, 3540)
2025-02-07 11:07:13,781 - INFO - Mau cua D (9x9 phan tu dau):
[[163.13126415   0.           0.           0.           0.
    0.           0.           0.           0.        ]
 [  0.         175.79777432   0.           0.           0.
    0.           0.           0.           0.        ]
 [  0.           0.         188.31179917   0.           0.
    0.           0.           0.           0.        ]
 [  0.           0.           0.         200.55355293   0.
    0.           0.           0.           0.        ]
 [  0.           0.           0.           0.         212.41060097
    0.           0.           0.           0.        ]
 [  0.           0.           0.           0.           0.
  223.78066425   0.           0.           0.        ]
 [  0.           0.           0.           0.           0.
    0.         234.57388706   0.           0.        ]
 [  0.           0.           0.           0.           0.
    0.           0.         244.71447619   0.        ]
 [  0.           0.           0.           0.           0.
    0.           0.           0.         254.14166125]]
2025-02-07 11:07:13,781 - INFO - Kich thuoc ma tran Laplace (L): (3540, 3540)
2025-02-07 11:07:13,781 - INFO - Mau cua L (9x9 phan tu dau):
[[162.13126415  -0.99501248  -0.98019867  -0.95599748  -0.92311635
   -0.8824969   -0.83527021  -0.78270454  -0.72614904]
 [ -0.99501248 174.79777432  -0.99501248  -0.98019867  -0.95599748
   -0.92311635  -0.8824969   -0.83527021  -0.78270454]
 [ -0.98019867  -0.99501248 187.31179917  -0.99501248  -0.98019867
   -0.95599748  -0.92311635  -0.8824969   -0.83527021]
 [ -0.95599748  -0.98019867  -0.99501248 199.55355293  -0.99501248
   -0.98019867  -0.95599748  -0.92311635  -0.8824969 ]
 [ -0.92311635  -0.95599748  -0.98019867  -0.99501248 211.41060097
   -0.99501248  -0.98019867  -0.95599748  -0.92311635]
 [ -0.8824969   -0.92311635  -0.95599748  -0.98019867  -0.99501248
  222.78066425  -0.99501248  -0.98019867  -0.95599748]
 [ -0.83527021  -0.8824969   -0.92311635  -0.95599748  -0.98019867
   -0.99501248 233.57388706  -0.99501248  -0.98019867]
 [ -0.78270454  -0.83527021  -0.8824969   -0.92311635  -0.95599748
   -0.98019867  -0.99501248 243.71447619  -0.99501248]
 [ -0.72614904  -0.78270454  -0.83527021  -0.8824969   -0.92311635
   -0.95599748  -0.98019867  -0.99501248 253.14166125]]
2025-02-07 11:07:13,781 - INFO - Tinh vector rieng...
2025-02-07 11:07:18,379 - INFO - Tri rieng (Eigenvalues): [-1.67620270e-16  2.59487573e-05  1.57527169e-03]
2025-02-07 11:07:18,379 - INFO - Kich thuoc vector rieng: (3540, 3)
2025-02-07 11:07:18,379 - INFO - Mau cua vector rieng (9 hang dau):
[[1.07995488e-03 7.53516970e-04 4.36662497e-05]
 [1.07995488e-03 7.53516029e-04 4.36621481e-05]
 [1.07995488e-03 7.53515010e-04 4.36576787e-05]
 [1.07995488e-03 7.53513908e-04 4.36528076e-05]
 [1.07995488e-03 7.53512714e-04 4.36474984e-05]
 [1.07995488e-03 7.53511422e-04 4.36417124e-05]
 [1.07995488e-03 7.53510025e-04 4.36354083e-05]
 [1.07995488e-03 7.53508516e-04 4.36285426e-05]
 [1.07995488e-03 7.53506886e-04 4.36210696e-05]]
2025-02-07 11:07:18,379 - INFO - Gan nhan cho cac diem anh...
2025-02-07 11:07:18,384 - INFO - Nhan gan cho 27 pixel dau tien: [2 2 2 2 2 2 2 2 2 2 2 2 2 2 2 2 2 2 2 2 2 2 2 2 2 2 2]
2025-02-07 11:07:18,384 - INFO - Hien thi ket qua...
2025-02-07 11:07:18,384 - INFO - Thoi gian: 5.532158613204956 giay
2025-02-07 11:07:20,233 - INFO - Bat dau tinh ma tran trong so...
2025-02-07 11:07:20,233 - INFO - Kich thuoc anh: 59x60x3
2025-02-07 11:07:20,233 - INFO - Kich thuoc dac trung mau: (3540, 3), Kich thuoc toa do: (3540, 2)
2025-02-07 11:07:20,234 - INFO - Dac trung mau:
[[1. 1. 1.]
 [1. 1. 1.]
 [1. 1. 1.]
 [1. 1. 1.]
 [1. 1. 1.]
 [1. 1. 1.]
 [1. 1. 1.]
 [1. 1. 1.]
 [1. 1. 1.]]
2025-02-07 11:07:20,234 - INFO - Toa do:
[[0 0]
 [1 0]
 [2 0]
 [3 0]
 [4 0]
 [5 0]
 [6 0]
 [7 0]
 [8 0]]
2025-02-07 11:07:42,920 - INFO - Kich thuoc ma tran trong so (W): (3540, 3540)
2025-02-07 11:07:42,920 - INFO - Kich thuoc ma tran dac trung mau: (3540, 3540), Kich thuoc ma tran toa do: (3540, 3540)
2025-02-07 11:07:42,920 - INFO - Mau cua W_features (9x9 phan tu dau):
[[1. 1. 1. 1. 1. 1. 1. 1. 1.]
 [1. 1. 1. 1. 1. 1. 1. 1. 1.]
 [1. 1. 1. 1. 1. 1. 1. 1. 1.]
 [1. 1. 1. 1. 1. 1. 1. 1. 1.]
 [1. 1. 1. 1. 1. 1. 1. 1. 1.]
 [1. 1. 1. 1. 1. 1. 1. 1. 1.]
 [1. 1. 1. 1. 1. 1. 1. 1. 1.]
 [1. 1. 1. 1. 1. 1. 1. 1. 1.]
 [1. 1. 1. 1. 1. 1. 1. 1. 1.]]
2025-02-07 11:07:42,920 - INFO - Mau cua W_coords (9x9 phan tu dau):
[[1.         0.99501248 0.98019867 0.95599748 0.92311635 0.8824969
  0.83527021 0.78270454 0.72614904]
 [0.99501248 1.         0.99501248 0.98019867 0.95599748 0.92311635
  0.8824969  0.83527021 0.78270454]
 [0.98019867 0.99501248 1.         0.99501248 0.98019867 0.95599748
  0.92311635 0.8824969  0.83527021]
 [0.95599748 0.98019867 0.99501248 1.         0.99501248 0.98019867
  0.95599748 0.92311635 0.8824969 ]
 [0.92311635 0.95599748 0.98019867 0.99501248 1.         0.99501248
  0.98019867 0.95599748 0.92311635]
 [0.8824969  0.92311635 0.95599748 0.98019867 0.99501248 1.
  0.99501248 0.98019867 0.95599748]
 [0.83527021 0.8824969  0.92311635 0.95599748 0.98019867 0.99501248
  1.         0.99501248 0.98019867]
 [0.78270454 0.83527021 0.8824969  0.92311635 0.95599748 0.98019867
  0.99501248 1.         0.99501248]
 [0.72614904 0.78270454 0.83527021 0.8824969  0.92311635 0.95599748
  0.98019867 0.99501248 1.        ]]
2025-02-07 11:07:42,920 - INFO - Mau cua W (9x9 phan tu dau):
[[1.         0.99501248 0.98019867 0.95599748 0.92311635 0.8824969
  0.83527021 0.78270454 0.72614904]
 [0.99501248 1.         0.99501248 0.98019867 0.95599748 0.92311635
  0.8824969  0.83527021 0.78270454]
 [0.98019867 0.99501248 1.         0.99501248 0.98019867 0.95599748
  0.92311635 0.8824969  0.83527021]
 [0.95599748 0.98019867 0.99501248 1.         0.99501248 0.98019867
  0.95599748 0.92311635 0.8824969 ]
 [0.92311635 0.95599748 0.98019867 0.99501248 1.         0.99501248
  0.98019867 0.95599748 0.92311635]
 [0.8824969  0.92311635 0.95599748 0.98019867 0.99501248 1.
  0.99501248 0.98019867 0.95599748]
 [0.83527021 0.8824969  0.92311635 0.95599748 0.98019867 0.99501248
  1.         0.99501248 0.98019867]
 [0.78270454 0.83527021 0.8824969  0.92311635 0.95599748 0.98019867
  0.99501248 1.         0.99501248]
 [0.72614904 0.78270454 0.83527021 0.8824969  0.92311635 0.95599748
  0.98019867 0.99501248 1.        ]]
2025-02-07 11:07:42,920 - INFO - Tinh ma tran Laplace...
2025-02-07 11:07:42,983 - INFO - Kich thuoc ma tran duong cheo (D): (3540, 3540)
2025-02-07 11:07:42,983 - INFO - Mau cua D (9x9 phan tu dau):
[[163.13126415   0.           0.           0.           0.
    0.           0.           0.           0.        ]
 [  0.         175.79777432   0.           0.           0.
    0.           0.           0.           0.        ]
 [  0.           0.         188.31179917   0.           0.
    0.           0.           0.           0.        ]
 [  0.           0.           0.         200.55355293   0.
    0.           0.           0.           0.        ]
 [  0.           0.           0.           0.         212.41060097
    0.           0.           0.           0.        ]
 [  0.           0.           0.           0.           0.
  223.78066425   0.           0.           0.        ]
 [  0.           0.           0.           0.           0.
    0.         234.57388706   0.           0.        ]
 [  0.           0.           0.           0.           0.
    0.           0.         244.71447619   0.        ]
 [  0.           0.           0.           0.           0.
    0.           0.           0.         254.14166125]]
2025-02-07 11:07:42,983 - INFO - Kich thuoc ma tran Laplace (L): (3540, 3540)
2025-02-07 11:07:42,983 - INFO - Mau cua L (9x9 phan tu dau):
[[162.13126415  -0.99501248  -0.98019867  -0.95599748  -0.92311635
   -0.8824969   -0.83527021  -0.78270454  -0.72614904]
 [ -0.99501248 174.79777432  -0.99501248  -0.98019867  -0.95599748
   -0.92311635  -0.8824969   -0.83527021  -0.78270454]
 [ -0.98019867  -0.99501248 187.31179917  -0.99501248  -0.98019867
   -0.95599748  -0.92311635  -0.8824969   -0.83527021]
 [ -0.95599748  -0.98019867  -0.99501248 199.55355293  -0.99501248
   -0.98019867  -0.95599748  -0.92311635  -0.8824969 ]
 [ -0.92311635  -0.95599748  -0.98019867  -0.99501248 211.41060097
   -0.99501248  -0.98019867  -0.95599748  -0.92311635]
 [ -0.8824969   -0.92311635  -0.95599748  -0.98019867  -0.99501248
  222.78066425  -0.99501248  -0.98019867  -0.95599748]
 [ -0.83527021  -0.8824969   -0.92311635  -0.95599748  -0.98019867
   -0.99501248 233.57388706  -0.99501248  -0.98019867]
 [ -0.78270454  -0.83527021  -0.8824969   -0.92311635  -0.95599748
   -0.98019867  -0.99501248 243.71447619  -0.99501248]
 [ -0.72614904  -0.78270454  -0.83527021  -0.8824969   -0.92311635
   -0.95599748  -0.98019867  -0.99501248 253.14166125]]
2025-02-07 11:07:42,999 - INFO - Tinh vector rieng...
2025-02-07 11:07:47,818 - INFO - Tri rieng (Eigenvalues): [-8.85248687e-17  2.59487573e-05  1.57527169e-03]
2025-02-07 11:07:47,818 - INFO - Kich thuoc vector rieng: (3540, 3)
2025-02-07 11:07:47,818 - INFO - Mau cua vector rieng (9 hang dau):
[[-1.07995488e-03  7.53516970e-04  4.36662497e-05]
 [-1.07995488e-03  7.53516029e-04  4.36621481e-05]
 [-1.07995488e-03  7.53515010e-04  4.36576787e-05]
 [-1.07995488e-03  7.53513908e-04  4.36528076e-05]
 [-1.07995488e-03  7.53512714e-04  4.36474984e-05]
 [-1.07995488e-03  7.53511422e-04  4.36417124e-05]
 [-1.07995488e-03  7.53510025e-04  4.36354083e-05]
 [-1.07995488e-03  7.53508516e-04  4.36285426e-05]
 [-1.07995488e-03  7.53506886e-04  4.36210696e-05]]
2025-02-07 11:07:47,818 - INFO - Gan nhan cho cac diem anh...
2025-02-07 11:07:47,826 - INFO - Nhan gan cho 27 pixel dau tien: [2 2 2 2 2 2 2 2 2 2 2 2 2 2 2 2 2 2 2 2 2 2 2 2 2 2 2]
2025-02-07 11:07:47,826 - INFO - Hien thi ket qua...
2025-02-07 11:07:47,826 - INFO - Thoi gian: 27.6020348072052 giay
2025-02-07 11:07:49,431 - INFO - Bat dau tinh ma tran trong so...
2025-02-07 11:07:49,431 - INFO - Kich thuoc anh: 59x60x3
2025-02-07 11:07:49,431 - INFO - Kich thuoc dac trung mau: (3540, 3), Kich thuoc toa do: (3540, 2)
2025-02-07 11:07:49,432 - INFO - Dac trung mau:
[[1. 1. 1.]
 [1. 1. 1.]
 [1. 1. 1.]
 [1. 1. 1.]
 [1. 1. 1.]
 [1. 1. 1.]
 [1. 1. 1.]
 [1. 1. 1.]
 [1. 1. 1.]]
2025-02-07 11:07:49,432 - INFO - Toa do:
[[0 0]
 [1 0]
 [2 0]
 [3 0]
 [4 0]
 [5 0]
 [6 0]
 [7 0]
 [8 0]]
2025-02-07 11:07:50,286 - INFO - Kich thuoc ma tran trong so (W): (3540, 3540)
2025-02-07 11:07:50,286 - INFO - Kich thuoc ma tran dac trung mau: (3540, 3540), Kich thuoc ma tran toa do: (3540, 3540)
2025-02-07 11:07:50,286 - INFO - Mau cua W_features (9x9 phan tu dau):
[[1. 1. 1. 1. 1. 1. 1. 1. 1.]
 [1. 1. 1. 1. 1. 1. 1. 1. 1.]
 [1. 1. 1. 1. 1. 1. 1. 1. 1.]
 [1. 1. 1. 1. 1. 1. 1. 1. 1.]
 [1. 1. 1. 1. 1. 1. 1. 1. 1.]
 [1. 1. 1. 1. 1. 1. 1. 1. 1.]
 [1. 1. 1. 1. 1. 1. 1. 1. 1.]
 [1. 1. 1. 1. 1. 1. 1. 1. 1.]
 [1. 1. 1. 1. 1. 1. 1. 1. 1.]]
2025-02-07 11:07:50,286 - INFO - Mau cua W_coords (9x9 phan tu dau):
[[1.         0.99501248 0.98019867 0.95599748 0.92311635 0.8824969
  0.83527021 0.78270454 0.72614904]
 [0.99501248 1.         0.99501248 0.98019867 0.95599748 0.92311635
  0.8824969  0.83527021 0.78270454]
 [0.98019867 0.99501248 1.         0.99501248 0.98019867 0.95599748
  0.92311635 0.8824969  0.83527021]
 [0.95599748 0.98019867 0.99501248 1.         0.99501248 0.98019867
  0.95599748 0.92311635 0.8824969 ]
 [0.92311635 0.95599748 0.98019867 0.99501248 1.         0.99501248
  0.98019867 0.95599748 0.92311635]
 [0.8824969  0.92311635 0.95599748 0.98019867 0.99501248 1.
  0.99501248 0.98019867 0.95599748]
 [0.83527021 0.8824969  0.92311635 0.95599748 0.98019867 0.99501248
  1.         0.99501248 0.98019867]
 [0.78270454 0.83527021 0.8824969  0.92311635 0.95599748 0.98019867
  0.99501248 1.         0.99501248]
 [0.72614904 0.78270454 0.83527021 0.8824969  0.92311635 0.95599748
  0.98019867 0.99501248 1.        ]]
2025-02-07 11:07:50,286 - INFO - Mau cua W (9x9 phan tu dau):
[[1.         0.99501248 0.98019867 0.95599748 0.92311635 0.8824969
  0.83527021 0.78270454 0.72614904]
 [0.99501248 1.         0.99501248 0.98019867 0.95599748 0.92311635
  0.8824969  0.83527021 0.78270454]
 [0.98019867 0.99501248 1.         0.99501248 0.98019867 0.95599748
  0.92311635 0.8824969  0.83527021]
 [0.95599748 0.98019867 0.99501248 1.         0.99501248 0.98019867
  0.95599748 0.92311635 0.8824969 ]
 [0.92311635 0.95599748 0.98019867 0.99501248 1.         0.99501248
  0.98019867 0.95599748 0.92311635]
 [0.8824969  0.92311635 0.95599748 0.98019867 0.99501248 1.
  0.99501248 0.98019867 0.95599748]
 [0.83527021 0.8824969  0.92311635 0.95599748 0.98019867 0.99501248
  1.         0.99501248 0.98019867]
 [0.78270454 0.83527021 0.8824969  0.92311635 0.95599748 0.98019867
  0.99501248 1.         0.99501248]
 [0.72614904 0.78270454 0.83527021 0.8824969  0.92311635 0.95599748
  0.98019867 0.99501248 1.        ]]
2025-02-07 11:07:50,286 - INFO - Tinh ma tran Laplace...
2025-02-07 11:07:50,351 - INFO - Kich thuoc ma tran duong cheo (D): (3540, 3540)
2025-02-07 11:07:50,351 - INFO - Mau cua D (9x9 phan tu dau):
[[163.13126415   0.           0.           0.           0.
    0.           0.           0.           0.        ]
 [  0.         175.79777432   0.           0.           0.
    0.           0.           0.           0.        ]
 [  0.           0.         188.31179917   0.           0.
    0.           0.           0.           0.        ]
 [  0.           0.           0.         200.55355293   0.
    0.           0.           0.           0.        ]
 [  0.           0.           0.           0.         212.41060097
    0.           0.           0.           0.        ]
 [  0.           0.           0.           0.           0.
  223.78066425   0.           0.           0.        ]
 [  0.           0.           0.           0.           0.
    0.         234.57388706   0.           0.        ]
 [  0.           0.           0.           0.           0.
    0.           0.         244.71447619   0.        ]
 [  0.           0.           0.           0.           0.
    0.           0.           0.         254.14166125]]
2025-02-07 11:07:50,365 - INFO - Kich thuoc ma tran Laplace (L): (3540, 3540)
2025-02-07 11:07:50,365 - INFO - Mau cua L (9x9 phan tu dau):
[[162.13126415  -0.99501248  -0.98019867  -0.95599748  -0.92311635
   -0.8824969   -0.83527021  -0.78270454  -0.72614904]
 [ -0.99501248 174.79777432  -0.99501248  -0.98019867  -0.95599748
   -0.92311635  -0.8824969   -0.83527021  -0.78270454]
 [ -0.98019867  -0.99501248 187.31179917  -0.99501248  -0.98019867
   -0.95599748  -0.92311635  -0.8824969   -0.83527021]
 [ -0.95599748  -0.98019867  -0.99501248 199.55355293  -0.99501248
   -0.98019867  -0.95599748  -0.92311635  -0.8824969 ]
 [ -0.92311635  -0.95599748  -0.98019867  -0.99501248 211.41060097
   -0.99501248  -0.98019867  -0.95599748  -0.92311635]
 [ -0.8824969   -0.92311635  -0.95599748  -0.98019867  -0.99501248
  222.78066425  -0.99501248  -0.98019867  -0.95599748]
 [ -0.83527021  -0.8824969   -0.92311635  -0.95599748  -0.98019867
   -0.99501248 233.57388706  -0.99501248  -0.98019867]
 [ -0.78270454  -0.83527021  -0.8824969   -0.92311635  -0.95599748
   -0.98019867  -0.99501248 243.71447619  -0.99501248]
 [ -0.72614904  -0.78270454  -0.83527021  -0.8824969   -0.92311635
   -0.95599748  -0.98019867  -0.99501248 253.14166125]]
2025-02-07 11:07:50,365 - INFO - Tinh vector rieng...
2025-02-07 11:07:55,426 - INFO - Tri rieng (Eigenvalues): [7.49531015e-17 2.59487573e-05 1.57527169e-03]
2025-02-07 11:07:55,426 - INFO - Kich thuoc vector rieng: (3540, 3)
2025-02-07 11:07:55,426 - INFO - Mau cua vector rieng (9 hang dau):
[[-1.07995488e-03 -7.53516970e-04  4.36662497e-05]
 [-1.07995488e-03 -7.53516029e-04  4.36621481e-05]
 [-1.07995488e-03 -7.53515010e-04  4.36576787e-05]
 [-1.07995488e-03 -7.53513908e-04  4.36528076e-05]
 [-1.07995488e-03 -7.53512714e-04  4.36474984e-05]
 [-1.07995488e-03 -7.53511422e-04  4.36417124e-05]
 [-1.07995488e-03 -7.53510025e-04  4.36354083e-05]
 [-1.07995488e-03 -7.53508516e-04  4.36285426e-05]
 [-1.07995488e-03 -7.53506886e-04  4.36210696e-05]]
2025-02-07 11:07:55,426 - INFO - Gan nhan cho cac diem anh...
2025-02-07 11:07:55,434 - INFO - Nhan gan cho 27 pixel dau tien: [2 2 2 2 2 2 2 2 2 2 2 2 2 2 2 2 2 2 2 2 2 2 2 2 2 2 2]
2025-02-07 11:07:55,434 - INFO - Hien thi ket qua...
2025-02-07 11:07:55,434 - INFO - Thoi gian: 6.003445386886597 giay
2025-02-07 11:07:56,985 - INFO - Bat dau tinh ma tran trong so...
2025-02-07 11:07:56,985 - INFO - Kich thuoc anh: 59x60x3
2025-02-07 11:07:56,985 - INFO - Kich thuoc dac trung mau: (3540, 3), Kich thuoc toa do: (3540, 2)
2025-02-07 11:07:56,985 - INFO - Dac trung mau:
[[1. 1. 1.]
 [1. 1. 1.]
 [1. 1. 1.]
 [1. 1. 1.]
 [1. 1. 1.]
 [1. 1. 1.]
 [1. 1. 1.]
 [1. 1. 1.]
 [1. 1. 1.]]
2025-02-07 11:07:56,987 - INFO - Toa do:
[[0 0]
 [1 0]
 [2 0]
 [3 0]
 [4 0]
 [5 0]
 [6 0]
 [7 0]
 [8 0]]
2025-02-07 11:07:57,884 - INFO - Kich thuoc ma tran trong so (W): (3540, 3540)
2025-02-07 11:07:57,884 - INFO - Kich thuoc ma tran dac trung mau: (3540, 3540), Kich thuoc ma tran toa do: (3540, 3540)
2025-02-07 11:07:57,884 - INFO - Mau cua W_features (9x9 phan tu dau):
[[1. 1. 1. 1. 1. 1. 1. 1. 1.]
 [1. 1. 1. 1. 1. 1. 1. 1. 1.]
 [1. 1. 1. 1. 1. 1. 1. 1. 1.]
 [1. 1. 1. 1. 1. 1. 1. 1. 1.]
 [1. 1. 1. 1. 1. 1. 1. 1. 1.]
 [1. 1. 1. 1. 1. 1. 1. 1. 1.]
 [1. 1. 1. 1. 1. 1. 1. 1. 1.]
 [1. 1. 1. 1. 1. 1. 1. 1. 1.]
 [1. 1. 1. 1. 1. 1. 1. 1. 1.]]
2025-02-07 11:07:57,884 - INFO - Mau cua W_coords (9x9 phan tu dau):
[[1.         0.99501248 0.98019867 0.95599748 0.92311635 0.8824969
  0.83527021 0.78270454 0.72614904]
 [0.99501248 1.         0.99501248 0.98019867 0.95599748 0.92311635
  0.8824969  0.83527021 0.78270454]
 [0.98019867 0.99501248 1.         0.99501248 0.98019867 0.95599748
  0.92311635 0.8824969  0.83527021]
 [0.95599748 0.98019867 0.99501248 1.         0.99501248 0.98019867
  0.95599748 0.92311635 0.8824969 ]
 [0.92311635 0.95599748 0.98019867 0.99501248 1.         0.99501248
  0.98019867 0.95599748 0.92311635]
 [0.8824969  0.92311635 0.95599748 0.98019867 0.99501248 1.
  0.99501248 0.98019867 0.95599748]
 [0.83527021 0.8824969  0.92311635 0.95599748 0.98019867 0.99501248
  1.         0.99501248 0.98019867]
 [0.78270454 0.83527021 0.8824969  0.92311635 0.95599748 0.98019867
  0.99501248 1.         0.99501248]
 [0.72614904 0.78270454 0.83527021 0.8824969  0.92311635 0.95599748
  0.98019867 0.99501248 1.        ]]
2025-02-07 11:07:57,884 - INFO - Mau cua W (9x9 phan tu dau):
[[1.         0.99501248 0.98019867 0.95599748 0.92311635 0.8824969
  0.83527021 0.78270454 0.72614904]
 [0.99501248 1.         0.99501248 0.98019867 0.95599748 0.92311635
  0.8824969  0.83527021 0.78270454]
 [0.98019867 0.99501248 1.         0.99501248 0.98019867 0.95599748
  0.92311635 0.8824969  0.83527021]
 [0.95599748 0.98019867 0.99501248 1.         0.99501248 0.98019867
  0.95599748 0.92311635 0.8824969 ]
 [0.92311635 0.95599748 0.98019867 0.99501248 1.         0.99501248
  0.98019867 0.95599748 0.92311635]
 [0.8824969  0.92311635 0.95599748 0.98019867 0.99501248 1.
  0.99501248 0.98019867 0.95599748]
 [0.83527021 0.8824969  0.92311635 0.95599748 0.98019867 0.99501248
  1.         0.99501248 0.98019867]
 [0.78270454 0.83527021 0.8824969  0.92311635 0.95599748 0.98019867
  0.99501248 1.         0.99501248]
 [0.72614904 0.78270454 0.83527021 0.8824969  0.92311635 0.95599748
  0.98019867 0.99501248 1.        ]]
2025-02-07 11:07:57,894 - INFO - Tinh ma tran Laplace...
2025-02-07 11:07:57,950 - INFO - Kich thuoc ma tran duong cheo (D): (3540, 3540)
2025-02-07 11:07:57,950 - INFO - Mau cua D (9x9 phan tu dau):
[[163.13126415   0.           0.           0.           0.
    0.           0.           0.           0.        ]
 [  0.         175.79777432   0.           0.           0.
    0.           0.           0.           0.        ]
 [  0.           0.         188.31179917   0.           0.
    0.           0.           0.           0.        ]
 [  0.           0.           0.         200.55355293   0.
    0.           0.           0.           0.        ]
 [  0.           0.           0.           0.         212.41060097
    0.           0.           0.           0.        ]
 [  0.           0.           0.           0.           0.
  223.78066425   0.           0.           0.        ]
 [  0.           0.           0.           0.           0.
    0.         234.57388706   0.           0.        ]
 [  0.           0.           0.           0.           0.
    0.           0.         244.71447619   0.        ]
 [  0.           0.           0.           0.           0.
    0.           0.           0.         254.14166125]]
2025-02-07 11:07:57,950 - INFO - Kich thuoc ma tran Laplace (L): (3540, 3540)
2025-02-07 11:07:57,950 - INFO - Mau cua L (9x9 phan tu dau):
[[162.13126415  -0.99501248  -0.98019867  -0.95599748  -0.92311635
   -0.8824969   -0.83527021  -0.78270454  -0.72614904]
 [ -0.99501248 174.79777432  -0.99501248  -0.98019867  -0.95599748
   -0.92311635  -0.8824969   -0.83527021  -0.78270454]
 [ -0.98019867  -0.99501248 187.31179917  -0.99501248  -0.98019867
   -0.95599748  -0.92311635  -0.8824969   -0.83527021]
 [ -0.95599748  -0.98019867  -0.99501248 199.55355293  -0.99501248
   -0.98019867  -0.95599748  -0.92311635  -0.8824969 ]
 [ -0.92311635  -0.95599748  -0.98019867  -0.99501248 211.41060097
   -0.99501248  -0.98019867  -0.95599748  -0.92311635]
 [ -0.8824969   -0.92311635  -0.95599748  -0.98019867  -0.99501248
  222.78066425  -0.99501248  -0.98019867  -0.95599748]
 [ -0.83527021  -0.8824969   -0.92311635  -0.95599748  -0.98019867
   -0.99501248 233.57388706  -0.99501248  -0.98019867]
 [ -0.78270454  -0.83527021  -0.8824969   -0.92311635  -0.95599748
   -0.98019867  -0.99501248 243.71447619  -0.99501248]
 [ -0.72614904  -0.78270454  -0.83527021  -0.8824969   -0.92311635
   -0.95599748  -0.98019867  -0.99501248 253.14166125]]
2025-02-07 11:07:57,965 - INFO - Tinh vector rieng...
2025-02-07 11:08:02,896 - INFO - Tri rieng (Eigenvalues): [-1.01685855e-17  2.59487573e-05  1.57527169e-03]
2025-02-07 11:08:02,896 - INFO - Kich thuoc vector rieng: (3540, 3)
2025-02-07 11:08:02,896 - INFO - Mau cua vector rieng (9 hang dau):
[[ 1.07995488e-03 -7.53516970e-04  4.36662497e-05]
 [ 1.07995488e-03 -7.53516029e-04  4.36621481e-05]
 [ 1.07995488e-03 -7.53515010e-04  4.36576787e-05]
 [ 1.07995488e-03 -7.53513908e-04  4.36528076e-05]
 [ 1.07995488e-03 -7.53512714e-04  4.36474984e-05]
 [ 1.07995488e-03 -7.53511422e-04  4.36417124e-05]
 [ 1.07995488e-03 -7.53510025e-04  4.36354083e-05]
 [ 1.07995488e-03 -7.53508516e-04  4.36285426e-05]
 [ 1.07995488e-03 -7.53506886e-04  4.36210696e-05]]
2025-02-07 11:08:02,896 - INFO - Gan nhan cho cac diem anh...
2025-02-07 11:08:02,906 - INFO - Nhan gan cho 27 pixel dau tien: [2 2 2 2 2 2 2 2 2 2 2 2 2 2 2 2 2 2 2 2 2 2 2 2 2 2 2]
2025-02-07 11:08:02,906 - INFO - Hien thi ket qua...
2025-02-07 11:08:02,906 - INFO - Thoi gian: 5.922090768814087 giay
