2025-02-07 10:59:14,787 - INFO - Bat dau tinh ma tran trong so...
2025-02-07 10:59:14,788 - INFO - Kich thuoc anh: 59x60x3
2025-02-07 10:59:14,788 - INFO - Kich thuoc dac trung mau: (3540, 3), Kich thuoc toa do: (3540, 2)
2025-02-07 10:59:14,788 - INFO - Dac trung mau:
[[1. 1. 1.]
 [1. 1. 1.]
 [1. 1. 1.]
 [1. 1. 1.]
 [1. 1. 1.]
 [1. 1. 1.]
 [1. 1. 1.]
 [1. 1. 1.]
 [1. 1. 1.]]
2025-02-07 10:59:14,789 - INFO - Toa do:
[[0 0]
 [1 0]
 [2 0]
 [3 0]
 [4 0]
 [5 0]
 [6 0]
 [7 0]
 [8 0]]
2025-02-07 10:59:18,705 - INFO - Kich thuoc ma tran trong so (W): (3540, 3540)
2025-02-07 10:59:18,705 - INFO - Kich thuoc ma tran dac trung mau: (3540, 3540), Kich thuoc ma tran toa do: (3540, 3540)
2025-02-07 10:59:18,705 - INFO - Mau cua W_features (9x9 phan tu dau):
[[1. 1. 1. 1. 1. 1. 1. 1. 1.]
 [1. 1. 1. 1. 1. 1. 1. 1. 1.]
 [1. 1. 1. 1. 1. 1. 1. 1. 1.]
 [1. 1. 1. 1. 1. 1. 1. 1. 1.]
 [1. 1. 1. 1. 1. 1. 1. 1. 1.]
 [1. 1. 1. 1. 1. 1. 1. 1. 1.]
 [1. 1. 1. 1. 1. 1. 1. 1. 1.]
 [1. 1. 1. 1. 1. 1. 1. 1. 1.]
 [1. 1. 1. 1. 1. 1. 1. 1. 1.]]
2025-02-07 10:59:18,705 - INFO - Mau cua W_coords (9x9 phan tu dau):
[[1.         0.99501248 0.98019867 0.95599748 0.92311635 0.8824969
  0.83527021 0.78270454 0.72614904]
 [0.99501248 1.         0.99501248 0.98019867 0.95599748 0.92311635
  0.8824969  0.83527021 0.78270454]
 [0.98019867 0.99501248 1.         0.99501248 0.98019867 0.95599748
  0.92311635 0.8824969  0.83527021]
 [0.95599748 0.98019867 0.99501248 1.         0.99501248 0.98019867
  0.95599748 0.92311635 0.8824969 ]
 [0.92311635 0.95599748 0.98019867 0.99501248 1.         0.99501248
  0.98019867 0.95599748 0.92311635]
 [0.8824969  0.92311635 0.95599748 0.98019867 0.99501248 1.
  0.99501248 0.98019867 0.95599748]
 [0.83527021 0.8824969  0.92311635 0.95599748 0.98019867 0.99501248
  1.         0.99501248 0.98019867]
 [0.78270454 0.83527021 0.8824969  0.92311635 0.95599748 0.98019867
  0.99501248 1.         0.99501248]
 [0.72614904 0.78270454 0.83527021 0.8824969  0.92311635 0.95599748
  0.98019867 0.99501248 1.        ]]
2025-02-07 10:59:18,705 - INFO - Mau cua W (9x9 phan tu dau):
[[1.         0.99501248 0.98019867 0.95599748 0.92311635 0.8824969
  0.83527021 0.78270454 0.72614904]
 [0.99501248 1.         0.99501248 0.98019867 0.95599748 0.92311635
  0.8824969  0.83527021 0.78270454]
 [0.98019867 0.99501248 1.         0.99501248 0.98019867 0.95599748
  0.92311635 0.8824969  0.83527021]
 [0.95599748 0.98019867 0.99501248 1.         0.99501248 0.98019867
  0.95599748 0.92311635 0.8824969 ]
 [0.92311635 0.95599748 0.98019867 0.99501248 1.         0.99501248
  0.98019867 0.95599748 0.92311635]
 [0.8824969  0.92311635 0.95599748 0.98019867 0.99501248 1.
  0.99501248 0.98019867 0.95599748]
 [0.83527021 0.8824969  0.92311635 0.95599748 0.98019867 0.99501248
  1.         0.99501248 0.98019867]
 [0.78270454 0.83527021 0.8824969  0.92311635 0.95599748 0.98019867
  0.99501248 1.         0.99501248]
 [0.72614904 0.78270454 0.83527021 0.8824969  0.92311635 0.95599748
  0.98019867 0.99501248 1.        ]]
2025-02-07 10:59:18,721 - INFO - Tinh ma tran Laplace...
2025-02-07 10:59:18,800 - INFO - Kich thuoc ma tran duong cheo (D): (3540, 3540)
2025-02-07 10:59:18,800 - INFO - Mau cua D (9x9 phan tu dau):
[[163.13126415   0.           0.           0.           0.
    0.           0.           0.           0.        ]
 [  0.         175.79777432   0.           0.           0.
    0.           0.           0.           0.        ]
 [  0.           0.         188.31179917   0.           0.
    0.           0.           0.           0.        ]
 [  0.           0.           0.         200.55355293   0.
    0.           0.           0.           0.        ]
 [  0.           0.           0.           0.         212.41060097
    0.           0.           0.           0.        ]
 [  0.           0.           0.           0.           0.
  223.78066425   0.           0.           0.        ]
 [  0.           0.           0.           0.           0.
    0.         234.57388706   0.           0.        ]
 [  0.           0.           0.           0.           0.
    0.           0.         244.71447619   0.        ]
 [  0.           0.           0.           0.           0.
    0.           0.           0.         254.14166125]]
2025-02-07 10:59:18,800 - INFO - Kich thuoc ma tran Laplace (L): (3540, 3540)
2025-02-07 10:59:18,800 - INFO - Mau cua L (9x9 phan tu dau):
[[162.13126415  -0.99501248  -0.98019867  -0.95599748  -0.92311635
   -0.8824969   -0.83527021  -0.78270454  -0.72614904]
 [ -0.99501248 174.79777432  -0.99501248  -0.98019867  -0.95599748
   -0.92311635  -0.8824969   -0.83527021  -0.78270454]
 [ -0.98019867  -0.99501248 187.31179917  -0.99501248  -0.98019867
   -0.95599748  -0.92311635  -0.8824969   -0.83527021]
 [ -0.95599748  -0.98019867  -0.99501248 199.55355293  -0.99501248
   -0.98019867  -0.95599748  -0.92311635  -0.8824969 ]
 [ -0.92311635  -0.95599748  -0.98019867  -0.99501248 211.41060097
   -0.99501248  -0.98019867  -0.95599748  -0.92311635]
 [ -0.8824969   -0.92311635  -0.95599748  -0.98019867  -0.99501248
  222.78066425  -0.99501248  -0.98019867  -0.95599748]
 [ -0.83527021  -0.8824969   -0.92311635  -0.95599748  -0.98019867
   -0.99501248 233.57388706  -0.99501248  -0.98019867]
 [ -0.78270454  -0.83527021  -0.8824969   -0.92311635  -0.95599748
   -0.98019867  -0.99501248 243.71447619  -0.99501248]
 [ -0.72614904  -0.78270454  -0.83527021  -0.8824969   -0.92311635
   -0.95599748  -0.98019867  -0.99501248 253.14166125]]
2025-02-07 10:59:18,800 - INFO - Tinh vector rieng...
2025-02-07 10:59:23,017 - INFO - Tri rieng (Eigenvalues): [-2.75583567e-17  2.59487573e-05  1.57527169e-03]
2025-02-07 10:59:23,017 - INFO - Kich thuoc vector rieng: (3540, 3)
2025-02-07 10:59:23,017 - INFO - Mau cua vector rieng (9 hang dau):
[[ 1.07995488e-03 -7.53516970e-04 -4.36662497e-05]
 [ 1.07995488e-03 -7.53516029e-04 -4.36621481e-05]
 [ 1.07995488e-03 -7.53515010e-04 -4.36576787e-05]
 [ 1.07995488e-03 -7.53513908e-04 -4.36528076e-05]
 [ 1.07995488e-03 -7.53512714e-04 -4.36474984e-05]
 [ 1.07995488e-03 -7.53511422e-04 -4.36417124e-05]
 [ 1.07995488e-03 -7.53510025e-04 -4.36354083e-05]
 [ 1.07995488e-03 -7.53508516e-04 -4.36285426e-05]
 [ 1.07995488e-03 -7.53506886e-04 -4.36210696e-05]]
2025-02-07 10:59:23,017 - INFO - Gan nhan cho cac diem anh...
2025-02-07 10:59:23,159 - INFO - Nhan gan cho 27 pixel dau tien: [2 2 2 2 2 2 2 2 2 2 2 2 2 2 2 2 2 2 2 2 2 2 2 2 2 2 2]
2025-02-07 10:59:23,159 - INFO - Hien thi ket qua...
2025-02-07 10:59:23,159 - INFO - Thoi gian: 8.387488842010498 giay
2025-02-07 10:59:25,682 - INFO - Bat dau tinh ma tran trong so...
2025-02-07 10:59:25,682 - INFO - Kich thuoc anh: 59x60x3
2025-02-07 10:59:25,682 - INFO - Kich thuoc dac trung mau: (3540, 3), Kich thuoc toa do: (3540, 2)
2025-02-07 10:59:25,682 - INFO - Dac trung mau:
[[1. 1. 1.]
 [1. 1. 1.]
 [1. 1. 1.]
 [1. 1. 1.]
 [1. 1. 1.]
 [1. 1. 1.]
 [1. 1. 1.]
 [1. 1. 1.]
 [1. 1. 1.]]
2025-02-07 10:59:25,682 - INFO - Toa do:
[[0 0]
 [1 0]
 [2 0]
 [3 0]
 [4 0]
 [5 0]
 [6 0]
 [7 0]
 [8 0]]
2025-02-07 10:59:27,059 - INFO - Kich thuoc ma tran trong so (W): (3540, 3540)
2025-02-07 10:59:27,059 - INFO - Kich thuoc ma tran dac trung mau: (3540, 3540), Kich thuoc ma tran toa do: (3540, 3540)
2025-02-07 10:59:27,059 - INFO - Mau cua W_features (9x9 phan tu dau):
[[1. 1. 1. 1. 1. 1. 1. 1. 1.]
 [1. 1. 1. 1. 1. 1. 1. 1. 1.]
 [1. 1. 1. 1. 1. 1. 1. 1. 1.]
 [1. 1. 1. 1. 1. 1. 1. 1. 1.]
 [1. 1. 1. 1. 1. 1. 1. 1. 1.]
 [1. 1. 1. 1. 1. 1. 1. 1. 1.]
 [1. 1. 1. 1. 1. 1. 1. 1. 1.]
 [1. 1. 1. 1. 1. 1. 1. 1. 1.]
 [1. 1. 1. 1. 1. 1. 1. 1. 1.]]
2025-02-07 10:59:27,059 - INFO - Mau cua W_coords (9x9 phan tu dau):
[[1.         0.99501248 0.98019867 0.95599748 0.92311635 0.8824969
  0.83527021 0.78270454 0.72614904]
 [0.99501248 1.         0.99501248 0.98019867 0.95599748 0.92311635
  0.8824969  0.83527021 0.78270454]
 [0.98019867 0.99501248 1.         0.99501248 0.98019867 0.95599748
  0.92311635 0.8824969  0.83527021]
 [0.95599748 0.98019867 0.99501248 1.         0.99501248 0.98019867
  0.95599748 0.92311635 0.8824969 ]
 [0.92311635 0.95599748 0.98019867 0.99501248 1.         0.99501248
  0.98019867 0.95599748 0.92311635]
 [0.8824969  0.92311635 0.95599748 0.98019867 0.99501248 1.
  0.99501248 0.98019867 0.95599748]
 [0.83527021 0.8824969  0.92311635 0.95599748 0.98019867 0.99501248
  1.         0.99501248 0.98019867]
 [0.78270454 0.83527021 0.8824969  0.92311635 0.95599748 0.98019867
  0.99501248 1.         0.99501248]
 [0.72614904 0.78270454 0.83527021 0.8824969  0.92311635 0.95599748
  0.98019867 0.99501248 1.        ]]
2025-02-07 10:59:27,059 - INFO - Mau cua W (9x9 phan tu dau):
[[1.         0.99501248 0.98019867 0.95599748 0.92311635 0.8824969
  0.83527021 0.78270454 0.72614904]
 [0.99501248 1.         0.99501248 0.98019867 0.95599748 0.92311635
  0.8824969  0.83527021 0.78270454]
 [0.98019867 0.99501248 1.         0.99501248 0.98019867 0.95599748
  0.92311635 0.8824969  0.83527021]
 [0.95599748 0.98019867 0.99501248 1.         0.99501248 0.98019867
  0.95599748 0.92311635 0.8824969 ]
 [0.92311635 0.95599748 0.98019867 0.99501248 1.         0.99501248
  0.98019867 0.95599748 0.92311635]
 [0.8824969  0.92311635 0.95599748 0.98019867 0.99501248 1.
  0.99501248 0.98019867 0.95599748]
 [0.83527021 0.8824969  0.92311635 0.95599748 0.98019867 0.99501248
  1.         0.99501248 0.98019867]
 [0.78270454 0.83527021 0.8824969  0.92311635 0.95599748 0.98019867
  0.99501248 1.         0.99501248]
 [0.72614904 0.78270454 0.83527021 0.8824969  0.92311635 0.95599748
  0.98019867 0.99501248 1.        ]]
2025-02-07 10:59:27,074 - INFO - Tinh ma tran Laplace...
2025-02-07 10:59:27,139 - INFO - Kich thuoc ma tran duong cheo (D): (3540, 3540)
2025-02-07 10:59:27,139 - INFO - Mau cua D (9x9 phan tu dau):
[[163.13126415   0.           0.           0.           0.
    0.           0.           0.           0.        ]
 [  0.         175.79777432   0.           0.           0.
    0.           0.           0.           0.        ]
 [  0.           0.         188.31179917   0.           0.
    0.           0.           0.           0.        ]
 [  0.           0.           0.         200.55355293   0.
    0.           0.           0.           0.        ]
 [  0.           0.           0.           0.         212.41060097
    0.           0.           0.           0.        ]
 [  0.           0.           0.           0.           0.
  223.78066425   0.           0.           0.        ]
 [  0.           0.           0.           0.           0.
    0.         234.57388706   0.           0.        ]
 [  0.           0.           0.           0.           0.
    0.           0.         244.71447619   0.        ]
 [  0.           0.           0.           0.           0.
    0.           0.           0.         254.14166125]]
2025-02-07 10:59:27,139 - INFO - Kich thuoc ma tran Laplace (L): (3540, 3540)
2025-02-07 10:59:27,140 - INFO - Mau cua L (9x9 phan tu dau):
[[162.13126415  -0.99501248  -0.98019867  -0.95599748  -0.92311635
   -0.8824969   -0.83527021  -0.78270454  -0.72614904]
 [ -0.99501248 174.79777432  -0.99501248  -0.98019867  -0.95599748
   -0.92311635  -0.8824969   -0.83527021  -0.78270454]
 [ -0.98019867  -0.99501248 187.31179917  -0.99501248  -0.98019867
   -0.95599748  -0.92311635  -0.8824969   -0.83527021]
 [ -0.95599748  -0.98019867  -0.99501248 199.55355293  -0.99501248
   -0.98019867  -0.95599748  -0.92311635  -0.8824969 ]
 [ -0.92311635  -0.95599748  -0.98019867  -0.99501248 211.41060097
   -0.99501248  -0.98019867  -0.95599748  -0.92311635]
 [ -0.8824969   -0.92311635  -0.95599748  -0.98019867  -0.99501248
  222.78066425  -0.99501248  -0.98019867  -0.95599748]
 [ -0.83527021  -0.8824969   -0.92311635  -0.95599748  -0.98019867
   -0.99501248 233.57388706  -0.99501248  -0.98019867]
 [ -0.78270454  -0.83527021  -0.8824969   -0.92311635  -0.95599748
   -0.98019867  -0.99501248 243.71447619  -0.99501248]
 [ -0.72614904  -0.78270454  -0.83527021  -0.8824969   -0.92311635
   -0.95599748  -0.98019867  -0.99501248 253.14166125]]
2025-02-07 10:59:27,140 - INFO - Tinh vector rieng...
2025-02-07 10:59:31,551 - INFO - Tri rieng (Eigenvalues): [-1.67620270e-16  2.59487573e-05  1.57527169e-03]
2025-02-07 10:59:31,551 - INFO - Kich thuoc vector rieng: (3540, 3)
2025-02-07 10:59:31,555 - INFO - Mau cua vector rieng (9 hang dau):
[[1.07995488e-03 7.53516970e-04 4.36662497e-05]
 [1.07995488e-03 7.53516029e-04 4.36621481e-05]
 [1.07995488e-03 7.53515010e-04 4.36576787e-05]
 [1.07995488e-03 7.53513908e-04 4.36528076e-05]
 [1.07995488e-03 7.53512714e-04 4.36474984e-05]
 [1.07995488e-03 7.53511422e-04 4.36417124e-05]
 [1.07995488e-03 7.53510025e-04 4.36354083e-05]
 [1.07995488e-03 7.53508516e-04 4.36285426e-05]
 [1.07995488e-03 7.53506886e-04 4.36210696e-05]]
2025-02-07 10:59:31,555 - INFO - Gan nhan cho cac diem anh...
2025-02-07 10:59:31,555 - INFO - Nhan gan cho 27 pixel dau tien: [2 2 2 2 2 2 2 2 2 2 2 2 2 2 2 2 2 2 2 2 2 2 2 2 2 2 2]
2025-02-07 10:59:31,555 - INFO - Hien thi ket qua...
2025-02-07 10:59:31,555 - INFO - Thoi gian: 5.8727827072143555 giay
2025-02-07 10:59:33,147 - INFO - Bat dau tinh ma tran trong so...
2025-02-07 10:59:33,147 - INFO - Kich thuoc anh: 59x60x3
2025-02-07 10:59:33,147 - INFO - Kich thuoc dac trung mau: (3540, 3), Kich thuoc toa do: (3540, 2)
2025-02-07 10:59:33,147 - INFO - Dac trung mau:
[[1. 1. 1.]
 [1. 1. 1.]
 [1. 1. 1.]
 [1. 1. 1.]
 [1. 1. 1.]
 [1. 1. 1.]
 [1. 1. 1.]
 [1. 1. 1.]
 [1. 1. 1.]]
2025-02-07 10:59:33,147 - INFO - Toa do:
[[0 0]
 [1 0]
 [2 0]
 [3 0]
 [4 0]
 [5 0]
 [6 0]
 [7 0]
 [8 0]]
2025-02-07 10:59:34,440 - INFO - Kich thuoc ma tran trong so (W): (3540, 3540)
2025-02-07 10:59:34,440 - INFO - Kich thuoc ma tran dac trung mau: (3540, 3540), Kich thuoc ma tran toa do: (3540, 3540)
2025-02-07 10:59:34,440 - INFO - Mau cua W_features (9x9 phan tu dau):
[[1. 1. 1. 1. 1. 1. 1. 1. 1.]
 [1. 1. 1. 1. 1. 1. 1. 1. 1.]
 [1. 1. 1. 1. 1. 1. 1. 1. 1.]
 [1. 1. 1. 1. 1. 1. 1. 1. 1.]
 [1. 1. 1. 1. 1. 1. 1. 1. 1.]
 [1. 1. 1. 1. 1. 1. 1. 1. 1.]
 [1. 1. 1. 1. 1. 1. 1. 1. 1.]
 [1. 1. 1. 1. 1. 1. 1. 1. 1.]
 [1. 1. 1. 1. 1. 1. 1. 1. 1.]]
2025-02-07 10:59:34,440 - INFO - Mau cua W_coords (9x9 phan tu dau):
[[1.         0.99501248 0.98019867 0.95599748 0.92311635 0.8824969
  0.83527021 0.78270454 0.72614904]
 [0.99501248 1.         0.99501248 0.98019867 0.95599748 0.92311635
  0.8824969  0.83527021 0.78270454]
 [0.98019867 0.99501248 1.         0.99501248 0.98019867 0.95599748
  0.92311635 0.8824969  0.83527021]
 [0.95599748 0.98019867 0.99501248 1.         0.99501248 0.98019867
  0.95599748 0.92311635 0.8824969 ]
 [0.92311635 0.95599748 0.98019867 0.99501248 1.         0.99501248
  0.98019867 0.95599748 0.92311635]
 [0.8824969  0.92311635 0.95599748 0.98019867 0.99501248 1.
  0.99501248 0.98019867 0.95599748]
 [0.83527021 0.8824969  0.92311635 0.95599748 0.98019867 0.99501248
  1.         0.99501248 0.98019867]
 [0.78270454 0.83527021 0.8824969  0.92311635 0.95599748 0.98019867
  0.99501248 1.         0.99501248]
 [0.72614904 0.78270454 0.83527021 0.8824969  0.92311635 0.95599748
  0.98019867 0.99501248 1.        ]]
2025-02-07 10:59:34,440 - INFO - Mau cua W (9x9 phan tu dau):
[[1.         0.99501248 0.98019867 0.95599748 0.92311635 0.8824969
  0.83527021 0.78270454 0.72614904]
 [0.99501248 1.         0.99501248 0.98019867 0.95599748 0.92311635
  0.8824969  0.83527021 0.78270454]
 [0.98019867 0.99501248 1.         0.99501248 0.98019867 0.95599748
  0.92311635 0.8824969  0.83527021]
 [0.95599748 0.98019867 0.99501248 1.         0.99501248 0.98019867
  0.95599748 0.92311635 0.8824969 ]
 [0.92311635 0.95599748 0.98019867 0.99501248 1.         0.99501248
  0.98019867 0.95599748 0.92311635]
 [0.8824969  0.92311635 0.95599748 0.98019867 0.99501248 1.
  0.99501248 0.98019867 0.95599748]
 [0.83527021 0.8824969  0.92311635 0.95599748 0.98019867 0.99501248
  1.         0.99501248 0.98019867]
 [0.78270454 0.83527021 0.8824969  0.92311635 0.95599748 0.98019867
  0.99501248 1.         0.99501248]
 [0.72614904 0.78270454 0.83527021 0.8824969  0.92311635 0.95599748
  0.98019867 0.99501248 1.        ]]
2025-02-07 10:59:34,456 - INFO - Tinh ma tran Laplace...
2025-02-07 10:59:34,519 - INFO - Kich thuoc ma tran duong cheo (D): (3540, 3540)
2025-02-07 10:59:34,519 - INFO - Mau cua D (9x9 phan tu dau):
[[163.13126415   0.           0.           0.           0.
    0.           0.           0.           0.        ]
 [  0.         175.79777432   0.           0.           0.
    0.           0.           0.           0.        ]
 [  0.           0.         188.31179917   0.           0.
    0.           0.           0.           0.        ]
 [  0.           0.           0.         200.55355293   0.
    0.           0.           0.           0.        ]
 [  0.           0.           0.           0.         212.41060097
    0.           0.           0.           0.        ]
 [  0.           0.           0.           0.           0.
  223.78066425   0.           0.           0.        ]
 [  0.           0.           0.           0.           0.
    0.         234.57388706   0.           0.        ]
 [  0.           0.           0.           0.           0.
    0.           0.         244.71447619   0.        ]
 [  0.           0.           0.           0.           0.
    0.           0.           0.         254.14166125]]
2025-02-07 10:59:34,519 - INFO - Kich thuoc ma tran Laplace (L): (3540, 3540)
2025-02-07 10:59:34,519 - INFO - Mau cua L (9x9 phan tu dau):
[[162.13126415  -0.99501248  -0.98019867  -0.95599748  -0.92311635
   -0.8824969   -0.83527021  -0.78270454  -0.72614904]
 [ -0.99501248 174.79777432  -0.99501248  -0.98019867  -0.95599748
   -0.92311635  -0.8824969   -0.83527021  -0.78270454]
 [ -0.98019867  -0.99501248 187.31179917  -0.99501248  -0.98019867
   -0.95599748  -0.92311635  -0.8824969   -0.83527021]
 [ -0.95599748  -0.98019867  -0.99501248 199.55355293  -0.99501248
   -0.98019867  -0.95599748  -0.92311635  -0.8824969 ]
 [ -0.92311635  -0.95599748  -0.98019867  -0.99501248 211.41060097
   -0.99501248  -0.98019867  -0.95599748  -0.92311635]
 [ -0.8824969   -0.92311635  -0.95599748  -0.98019867  -0.99501248
  222.78066425  -0.99501248  -0.98019867  -0.95599748]
 [ -0.83527021  -0.8824969   -0.92311635  -0.95599748  -0.98019867
   -0.99501248 233.57388706  -0.99501248  -0.98019867]
 [ -0.78270454  -0.83527021  -0.8824969   -0.92311635  -0.95599748
   -0.98019867  -0.99501248 243.71447619  -0.99501248]
 [ -0.72614904  -0.78270454  -0.83527021  -0.8824969   -0.92311635
   -0.95599748  -0.98019867  -0.99501248 253.14166125]]
2025-02-07 10:59:34,519 - INFO - Tinh vector rieng...
2025-02-07 10:59:39,075 - INFO - Tri rieng (Eigenvalues): [-8.85248687e-17  2.59487573e-05  1.57527169e-03]
2025-02-07 10:59:39,075 - INFO - Kich thuoc vector rieng: (3540, 3)
2025-02-07 10:59:39,075 - INFO - Mau cua vector rieng (9 hang dau):
[[-1.07995488e-03  7.53516970e-04  4.36662497e-05]
 [-1.07995488e-03  7.53516029e-04  4.36621481e-05]
 [-1.07995488e-03  7.53515010e-04  4.36576787e-05]
 [-1.07995488e-03  7.53513908e-04  4.36528076e-05]
 [-1.07995488e-03  7.53512714e-04  4.36474984e-05]
 [-1.07995488e-03  7.53511422e-04  4.36417124e-05]
 [-1.07995488e-03  7.53510025e-04  4.36354083e-05]
 [-1.07995488e-03  7.53508516e-04  4.36285426e-05]
 [-1.07995488e-03  7.53506886e-04  4.36210696e-05]]
2025-02-07 10:59:39,075 - INFO - Gan nhan cho cac diem anh...
2025-02-07 10:59:39,084 - INFO - Nhan gan cho 27 pixel dau tien: [2 2 2 2 2 2 2 2 2 2 2 2 2 2 2 2 2 2 2 2 2 2 2 2 2 2 2]
2025-02-07 10:59:39,084 - INFO - Hien thi ket qua...
2025-02-07 10:59:39,084 - INFO - Thoi gian: 5.938492774963379 giay
2025-02-07 10:59:40,696 - INFO - Bat dau tinh ma tran trong so...
2025-02-07 10:59:40,696 - INFO - Kich thuoc anh: 59x60x3
2025-02-07 10:59:40,696 - INFO - Kich thuoc dac trung mau: (3540, 3), Kich thuoc toa do: (3540, 2)
2025-02-07 10:59:40,696 - INFO - Dac trung mau:
[[1. 1. 1.]
 [1. 1. 1.]
 [1. 1. 1.]
 [1. 1. 1.]
 [1. 1. 1.]
 [1. 1. 1.]
 [1. 1. 1.]
 [1. 1. 1.]
 [1. 1. 1.]]
2025-02-07 10:59:40,696 - INFO - Toa do:
[[0 0]
 [1 0]
 [2 0]
 [3 0]
 [4 0]
 [5 0]
 [6 0]
 [7 0]
 [8 0]]
2025-02-07 10:59:41,891 - INFO - Kich thuoc ma tran trong so (W): (3540, 3540)
2025-02-07 10:59:41,891 - INFO - Kich thuoc ma tran dac trung mau: (3540, 3540), Kich thuoc ma tran toa do: (3540, 3540)
2025-02-07 10:59:41,891 - INFO - Mau cua W_features (9x9 phan tu dau):
[[1. 1. 1. 1. 1. 1. 1. 1. 1.]
 [1. 1. 1. 1. 1. 1. 1. 1. 1.]
 [1. 1. 1. 1. 1. 1. 1. 1. 1.]
 [1. 1. 1. 1. 1. 1. 1. 1. 1.]
 [1. 1. 1. 1. 1. 1. 1. 1. 1.]
 [1. 1. 1. 1. 1. 1. 1. 1. 1.]
 [1. 1. 1. 1. 1. 1. 1. 1. 1.]
 [1. 1. 1. 1. 1. 1. 1. 1. 1.]
 [1. 1. 1. 1. 1. 1. 1. 1. 1.]]
2025-02-07 10:59:41,891 - INFO - Mau cua W_coords (9x9 phan tu dau):
[[1.         0.99501248 0.98019867 0.95599748 0.92311635 0.8824969
  0.83527021 0.78270454 0.72614904]
 [0.99501248 1.         0.99501248 0.98019867 0.95599748 0.92311635
  0.8824969  0.83527021 0.78270454]
 [0.98019867 0.99501248 1.         0.99501248 0.98019867 0.95599748
  0.92311635 0.8824969  0.83527021]
 [0.95599748 0.98019867 0.99501248 1.         0.99501248 0.98019867
  0.95599748 0.92311635 0.8824969 ]
 [0.92311635 0.95599748 0.98019867 0.99501248 1.         0.99501248
  0.98019867 0.95599748 0.92311635]
 [0.8824969  0.92311635 0.95599748 0.98019867 0.99501248 1.
  0.99501248 0.98019867 0.95599748]
 [0.83527021 0.8824969  0.92311635 0.95599748 0.98019867 0.99501248
  1.         0.99501248 0.98019867]
 [0.78270454 0.83527021 0.8824969  0.92311635 0.95599748 0.98019867
  0.99501248 1.         0.99501248]
 [0.72614904 0.78270454 0.83527021 0.8824969  0.92311635 0.95599748
  0.98019867 0.99501248 1.        ]]
2025-02-07 10:59:41,891 - INFO - Mau cua W (9x9 phan tu dau):
[[1.         0.99501248 0.98019867 0.95599748 0.92311635 0.8824969
  0.83527021 0.78270454 0.72614904]
 [0.99501248 1.         0.99501248 0.98019867 0.95599748 0.92311635
  0.8824969  0.83527021 0.78270454]
 [0.98019867 0.99501248 1.         0.99501248 0.98019867 0.95599748
  0.92311635 0.8824969  0.83527021]
 [0.95599748 0.98019867 0.99501248 1.         0.99501248 0.98019867
  0.95599748 0.92311635 0.8824969 ]
 [0.92311635 0.95599748 0.98019867 0.99501248 1.         0.99501248
  0.98019867 0.95599748 0.92311635]
 [0.8824969  0.92311635 0.95599748 0.98019867 0.99501248 1.
  0.99501248 0.98019867 0.95599748]
 [0.83527021 0.8824969  0.92311635 0.95599748 0.98019867 0.99501248
  1.         0.99501248 0.98019867]
 [0.78270454 0.83527021 0.8824969  0.92311635 0.95599748 0.98019867
  0.99501248 1.         0.99501248]
 [0.72614904 0.78270454 0.83527021 0.8824969  0.92311635 0.95599748
  0.98019867 0.99501248 1.        ]]
2025-02-07 10:59:41,907 - INFO - Tinh ma tran Laplace...
2025-02-07 10:59:41,986 - INFO - Kich thuoc ma tran duong cheo (D): (3540, 3540)
2025-02-07 10:59:41,986 - INFO - Mau cua D (9x9 phan tu dau):
[[163.13126415   0.           0.           0.           0.
    0.           0.           0.           0.        ]
 [  0.         175.79777432   0.           0.           0.
    0.           0.           0.           0.        ]
 [  0.           0.         188.31179917   0.           0.
    0.           0.           0.           0.        ]
 [  0.           0.           0.         200.55355293   0.
    0.           0.           0.           0.        ]
 [  0.           0.           0.           0.         212.41060097
    0.           0.           0.           0.        ]
 [  0.           0.           0.           0.           0.
  223.78066425   0.           0.           0.        ]
 [  0.           0.           0.           0.           0.
    0.         234.57388706   0.           0.        ]
 [  0.           0.           0.           0.           0.
    0.           0.         244.71447619   0.        ]
 [  0.           0.           0.           0.           0.
    0.           0.           0.         254.14166125]]
2025-02-07 10:59:41,986 - INFO - Kich thuoc ma tran Laplace (L): (3540, 3540)
2025-02-07 10:59:41,986 - INFO - Mau cua L (9x9 phan tu dau):
[[162.13126415  -0.99501248  -0.98019867  -0.95599748  -0.92311635
   -0.8824969   -0.83527021  -0.78270454  -0.72614904]
 [ -0.99501248 174.79777432  -0.99501248  -0.98019867  -0.95599748
   -0.92311635  -0.8824969   -0.83527021  -0.78270454]
 [ -0.98019867  -0.99501248 187.31179917  -0.99501248  -0.98019867
   -0.95599748  -0.92311635  -0.8824969   -0.83527021]
 [ -0.95599748  -0.98019867  -0.99501248 199.55355293  -0.99501248
   -0.98019867  -0.95599748  -0.92311635  -0.8824969 ]
 [ -0.92311635  -0.95599748  -0.98019867  -0.99501248 211.41060097
   -0.99501248  -0.98019867  -0.95599748  -0.92311635]
 [ -0.8824969   -0.92311635  -0.95599748  -0.98019867  -0.99501248
  222.78066425  -0.99501248  -0.98019867  -0.95599748]
 [ -0.83527021  -0.8824969   -0.92311635  -0.95599748  -0.98019867
   -0.99501248 233.57388706  -0.99501248  -0.98019867]
 [ -0.78270454  -0.83527021  -0.8824969   -0.92311635  -0.95599748
   -0.98019867  -0.99501248 243.71447619  -0.99501248]
 [ -0.72614904  -0.78270454  -0.83527021  -0.8824969   -0.92311635
   -0.95599748  -0.98019867  -0.99501248 253.14166125]]
2025-02-07 10:59:41,986 - INFO - Tinh vector rieng...
2025-02-07 10:59:46,472 - INFO - Tri rieng (Eigenvalues): [7.49531015e-17 2.59487573e-05 1.57527169e-03]
2025-02-07 10:59:46,472 - INFO - Kich thuoc vector rieng: (3540, 3)
2025-02-07 10:59:46,472 - INFO - Mau cua vector rieng (9 hang dau):
[[-1.07995488e-03 -7.53516970e-04  4.36662497e-05]
 [-1.07995488e-03 -7.53516029e-04  4.36621481e-05]
 [-1.07995488e-03 -7.53515010e-04  4.36576787e-05]
 [-1.07995488e-03 -7.53513908e-04  4.36528076e-05]
 [-1.07995488e-03 -7.53512714e-04  4.36474984e-05]
 [-1.07995488e-03 -7.53511422e-04  4.36417124e-05]
 [-1.07995488e-03 -7.53510025e-04  4.36354083e-05]
 [-1.07995488e-03 -7.53508516e-04  4.36285426e-05]
 [-1.07995488e-03 -7.53506886e-04  4.36210696e-05]]
2025-02-07 10:59:46,472 - INFO - Gan nhan cho cac diem anh...
2025-02-07 10:59:46,478 - INFO - Nhan gan cho 27 pixel dau tien: [2 2 2 2 2 2 2 2 2 2 2 2 2 2 2 2 2 2 2 2 2 2 2 2 2 2 2]
2025-02-07 10:59:46,478 - INFO - Hien thi ket qua...
2025-02-07 10:59:46,478 - INFO - Thoi gian: 5.785008668899536 giay
2025-02-07 10:59:47,856 - INFO - Bat dau tinh ma tran trong so...
2025-02-07 10:59:47,856 - INFO - Kich thuoc anh: 59x60x3
2025-02-07 10:59:47,858 - INFO - Kich thuoc dac trung mau: (3540, 3), Kich thuoc toa do: (3540, 2)
2025-02-07 10:59:47,858 - INFO - Dac trung mau:
[[1. 1. 1.]
 [1. 1. 1.]
 [1. 1. 1.]
 [1. 1. 1.]
 [1. 1. 1.]
 [1. 1. 1.]
 [1. 1. 1.]
 [1. 1. 1.]
 [1. 1. 1.]]
2025-02-07 10:59:47,858 - INFO - Toa do:
[[0 0]
 [1 0]
 [2 0]
 [3 0]
 [4 0]
 [5 0]
 [6 0]
 [7 0]
 [8 0]]
2025-02-07 10:59:49,132 - INFO - Kich thuoc ma tran trong so (W): (3540, 3540)
2025-02-07 10:59:49,132 - INFO - Kich thuoc ma tran dac trung mau: (3540, 3540), Kich thuoc ma tran toa do: (3540, 3540)
2025-02-07 10:59:49,132 - INFO - Mau cua W_features (9x9 phan tu dau):
[[1. 1. 1. 1. 1. 1. 1. 1. 1.]
 [1. 1. 1. 1. 1. 1. 1. 1. 1.]
 [1. 1. 1. 1. 1. 1. 1. 1. 1.]
 [1. 1. 1. 1. 1. 1. 1. 1. 1.]
 [1. 1. 1. 1. 1. 1. 1. 1. 1.]
 [1. 1. 1. 1. 1. 1. 1. 1. 1.]
 [1. 1. 1. 1. 1. 1. 1. 1. 1.]
 [1. 1. 1. 1. 1. 1. 1. 1. 1.]
 [1. 1. 1. 1. 1. 1. 1. 1. 1.]]
2025-02-07 10:59:49,132 - INFO - Mau cua W_coords (9x9 phan tu dau):
[[1.         0.99501248 0.98019867 0.95599748 0.92311635 0.8824969
  0.83527021 0.78270454 0.72614904]
 [0.99501248 1.         0.99501248 0.98019867 0.95599748 0.92311635
  0.8824969  0.83527021 0.78270454]
 [0.98019867 0.99501248 1.         0.99501248 0.98019867 0.95599748
  0.92311635 0.8824969  0.83527021]
 [0.95599748 0.98019867 0.99501248 1.         0.99501248 0.98019867
  0.95599748 0.92311635 0.8824969 ]
 [0.92311635 0.95599748 0.98019867 0.99501248 1.         0.99501248
  0.98019867 0.95599748 0.92311635]
 [0.8824969  0.92311635 0.95599748 0.98019867 0.99501248 1.
  0.99501248 0.98019867 0.95599748]
 [0.83527021 0.8824969  0.92311635 0.95599748 0.98019867 0.99501248
  1.         0.99501248 0.98019867]
 [0.78270454 0.83527021 0.8824969  0.92311635 0.95599748 0.98019867
  0.99501248 1.         0.99501248]
 [0.72614904 0.78270454 0.83527021 0.8824969  0.92311635 0.95599748
  0.98019867 0.99501248 1.        ]]
2025-02-07 10:59:49,132 - INFO - Mau cua W (9x9 phan tu dau):
[[1.         0.99501248 0.98019867 0.95599748 0.92311635 0.8824969
  0.83527021 0.78270454 0.72614904]
 [0.99501248 1.         0.99501248 0.98019867 0.95599748 0.92311635
  0.8824969  0.83527021 0.78270454]
 [0.98019867 0.99501248 1.         0.99501248 0.98019867 0.95599748
  0.92311635 0.8824969  0.83527021]
 [0.95599748 0.98019867 0.99501248 1.         0.99501248 0.98019867
  0.95599748 0.92311635 0.8824969 ]
 [0.92311635 0.95599748 0.98019867 0.99501248 1.         0.99501248
  0.98019867 0.95599748 0.92311635]
 [0.8824969  0.92311635 0.95599748 0.98019867 0.99501248 1.
  0.99501248 0.98019867 0.95599748]
 [0.83527021 0.8824969  0.92311635 0.95599748 0.98019867 0.99501248
  1.         0.99501248 0.98019867]
 [0.78270454 0.83527021 0.8824969  0.92311635 0.95599748 0.98019867
  0.99501248 1.         0.99501248]
 [0.72614904 0.78270454 0.83527021 0.8824969  0.92311635 0.95599748
  0.98019867 0.99501248 1.        ]]
2025-02-07 10:59:49,146 - INFO - Tinh ma tran Laplace...
2025-02-07 10:59:49,209 - INFO - Kich thuoc ma tran duong cheo (D): (3540, 3540)
2025-02-07 10:59:49,209 - INFO - Mau cua D (9x9 phan tu dau):
[[163.13126415   0.           0.           0.           0.
    0.           0.           0.           0.        ]
 [  0.         175.79777432   0.           0.           0.
    0.           0.           0.           0.        ]
 [  0.           0.         188.31179917   0.           0.
    0.           0.           0.           0.        ]
 [  0.           0.           0.         200.55355293   0.
    0.           0.           0.           0.        ]
 [  0.           0.           0.           0.         212.41060097
    0.           0.           0.           0.        ]
 [  0.           0.           0.           0.           0.
  223.78066425   0.           0.           0.        ]
 [  0.           0.           0.           0.           0.
    0.         234.57388706   0.           0.        ]
 [  0.           0.           0.           0.           0.
    0.           0.         244.71447619   0.        ]
 [  0.           0.           0.           0.           0.
    0.           0.           0.         254.14166125]]
2025-02-07 10:59:49,209 - INFO - Kich thuoc ma tran Laplace (L): (3540, 3540)
2025-02-07 10:59:49,209 - INFO - Mau cua L (9x9 phan tu dau):
[[162.13126415  -0.99501248  -0.98019867  -0.95599748  -0.92311635
   -0.8824969   -0.83527021  -0.78270454  -0.72614904]
 [ -0.99501248 174.79777432  -0.99501248  -0.98019867  -0.95599748
   -0.92311635  -0.8824969   -0.83527021  -0.78270454]
 [ -0.98019867  -0.99501248 187.31179917  -0.99501248  -0.98019867
   -0.95599748  -0.92311635  -0.8824969   -0.83527021]
 [ -0.95599748  -0.98019867  -0.99501248 199.55355293  -0.99501248
   -0.98019867  -0.95599748  -0.92311635  -0.8824969 ]
 [ -0.92311635  -0.95599748  -0.98019867  -0.99501248 211.41060097
   -0.99501248  -0.98019867  -0.95599748  -0.92311635]
 [ -0.8824969   -0.92311635  -0.95599748  -0.98019867  -0.99501248
  222.78066425  -0.99501248  -0.98019867  -0.95599748]
 [ -0.83527021  -0.8824969   -0.92311635  -0.95599748  -0.98019867
   -0.99501248 233.57388706  -0.99501248  -0.98019867]
 [ -0.78270454  -0.83527021  -0.8824969   -0.92311635  -0.95599748
   -0.98019867  -0.99501248 243.71447619  -0.99501248]
 [ -0.72614904  -0.78270454  -0.83527021  -0.8824969   -0.92311635
   -0.95599748  -0.98019867  -0.99501248 253.14166125]]
2025-02-07 10:59:49,209 - INFO - Tinh vector rieng...
2025-02-07 10:59:53,741 - INFO - Tri rieng (Eigenvalues): [-1.01685855e-17  2.59487573e-05  1.57527169e-03]
2025-02-07 10:59:53,741 - INFO - Kich thuoc vector rieng: (3540, 3)
2025-02-07 10:59:53,741 - INFO - Mau cua vector rieng (9 hang dau):
[[ 1.07995488e-03 -7.53516970e-04  4.36662497e-05]
 [ 1.07995488e-03 -7.53516029e-04  4.36621481e-05]
 [ 1.07995488e-03 -7.53515010e-04  4.36576787e-05]
 [ 1.07995488e-03 -7.53513908e-04  4.36528076e-05]
 [ 1.07995488e-03 -7.53512714e-04  4.36474984e-05]
 [ 1.07995488e-03 -7.53511422e-04  4.36417124e-05]
 [ 1.07995488e-03 -7.53510025e-04  4.36354083e-05]
 [ 1.07995488e-03 -7.53508516e-04  4.36285426e-05]
 [ 1.07995488e-03 -7.53506886e-04  4.36210696e-05]]
2025-02-07 10:59:53,747 - INFO - Gan nhan cho cac diem anh...
2025-02-07 10:59:53,755 - INFO - Nhan gan cho 27 pixel dau tien: [2 2 2 2 2 2 2 2 2 2 2 2 2 2 2 2 2 2 2 2 2 2 2 2 2 2 2]
2025-02-07 10:59:53,755 - INFO - Hien thi ket qua...
2025-02-07 10:59:53,756 - INFO - Thoi gian: 5.902535676956177 giay
